145352 4.8e-05
54888 8.5e-05
0 0
133125 2e-06
5760 2e-06
27134 2e-06
7802 1e-06
60428 5.1e-05
4720 1e-06
7147 2e-06
6386 2.3e-05
121330 2.3e-05
122969 2.3e-05
48191 4.3e-05
15688 1.8e-05
20411 8e-06
948 3e-06
10604 9e-06
65316 0.00028
38095 2e-06
70592 0.000128
37500 3e-05
17313 7e-06
21110 4.4e-05
0 6e-06
2774 1.2e-05
9731 2e-06
5947 7e-06
1116 1e-05
115292 1.6e-05
22463 2e-06
159284 0.000591
0 0
9701 1e-06
4252 2e-06
99160 2e-06
27908 7e-06
89540 1.3e-05
0 1e-06
124255 8.6e-05
73861 2e-06
19567 6.5e-05
20365 4.1e-05
154132 4.9e-05
29924 3e-06
25113 5.2e-05
11671 4e-06
39492 3e-06
15340 3.5e-05
48969 7e-06
11736 1e-06
493 9e-06
23899 6e-06
31575 0.00015
0 6e-06
38207 3.5e-05
21810 1.8e-05
38028 1e-05
87080 2.4e-05
14842 4e-06
52576 4e-06
32180 1e-06
97334 1.6e-05
48805 3.4e-05
22653 1e-06
81889 6.8e-05
23626 4.7e-05
47839 7e-06
52661 1.1e-05
20612 5e-06
51668 2.2e-05
76554 1e-05
52085 1.5e-05
31426 2e-06
25682 1.5e-05
45062 4.4e-05
37300 4e-06
0 1e-06
26423 2e-06
108093 8e-06
128478 1e-06
26771 2e-06
0 3e-06
23009 1e-06
133007 1e-05
4693 7e-06
16245 5e-06
403 1e-05
38082 3.8e-05
0 0
31055 5.4e-05
24094 3e-06
9200 2.3e-05
36407 3.6e-05
1394 1.2e-05
7219 2e-06
7049 3e-06
0 2e-06
151763 1.5e-05
78765 1.3e-05
20416 0.000105
96764 1.9e-05
38615 5.5e-05
163812 0.000168
136145 1.7e-05
8858 3e-06
37160 1e-06
10776 2e-06
0 1e-06
116779 9e-06
10685 4e-06
70525 3e-06
0 2e-06
100744 1.8e-05
77047 1.3e-05
64530 3e-06
49705 6.5e-05
0 5e-06
96464 5e-06
11744 9e-06
37794 0.000184
3208 1.2e-05
47348 9e-06
49383 3e-05
0 1e-06
112576 1.4e-05
0 0
15483 1e-06
10346 2e-06
0 1e-06
19871 1.6e-05
0 0
62649 7.4e-05
19373 7e-05
26212 1e-06
90285 0.000102
44711 9e-06
24948 0.000101
0 2e-06
0 0
0 1e-06
0 7e-06
166059 2e-06
0 2e-06
0 0
0 2e-06
90670 9e-06
90196 4e-06
88548 2e-06
87194 0.000195
8319 1e-05
18416 9.3e-05
129423 0.000138
0 1e-06
4260 3e-06
0 7e-06
18123 2e-06
0 2e-06
43965 2.8e-05
84750 6.5e-05
21040 4e-06
5449 1e-06
7766 1.2e-05
25858 2.7e-05
0 0
11808 3e-06
141295 0.000109
69634 3e-06
64776 0.000192
21016 1.9e-05
0 3e-06
35737 1.2e-05
69950 1.3e-05
61664 0.000102
115319 9e-06
104541 8.9e-05
13856 2e-06
86257 7e-06
0 0
42447 3.3e-05
5984 1e-06
64030 1e-05
98022 1.1e-05
35830 1.6e-05
78984 2.1e-05
24400 4e-06
64090 2.7e-05
60226 0.00155
57682 5.2e-05
95532 0.000109
18153 9e-06
0 2e-06
109718 5.3e-05
18024 2e-06
77542 2.4e-05
7532 1e-06
53683 7.5e-05
154446 0.000103
0 3e-06
54341 6e-06
26738 0.000172
26354 1.4e-05
115702 8.1e-05
0 2e-06
54088 0
61655 3.6e-05
0 2e-06
53959 6e-06
21190 1e-05
0 2e-06
69814 9e-06
6342 9e-06
61612 6e-06
0 1e-06
15995 2e-06
23506 2e-06
57607 2e-05
16558 2e-06
46197 2.3e-05
51551 4.9e-05
0 5e-06
400 7e-06
16161 3.7e-05
4212 9e-06
120511 0.000632
13240 7e-06
68675 2.4e-05
0 1e-06
96753 5.7e-05
26829 8e-06
0 1e-06
20396 4e-06
1414 1.5e-05
4077 3e-06
0 0
22542 4e-06
66097 8e-06
81001 6e-06
11418 8e-06
0 3e-06
61426 6e-06
10138 1e-05
76778 2.3e-05
19451 3e-06
35048 2.1e-05
30788 1e-06
94506 8.6e-05
67651 4e-06
0 0
36728 7e-05
8802 3.4e-05
118826 0.00016
0 1e-06
7500 9e-06
55298 6.6e-05
60002 2e-06
41252 1.2e-05
53826 4.5e-05
138061 4.7e-05
12010 7e-06
101125 3.6e-05
2694 3e-06
17465 1.2e-05
71754 7e-06
28104 1.1e-05
0 6e-06
0 1e-06
43788 9.6e-05
0 0
29111 1e-06
129154 7e-05
6570 6e-06
26321 2.7e-05
26279 6e-06
135748 1.4e-05
26153 2.7e-05
78524 1e-05
142430 8e-06
141144 3e-06
96588 1.7e-05
27420 2e-06
0 0
60392 3e-06
0 1e-06
23415 1.5e-05
3414 2e-06
11639 4.1e-05
53858 2e-05
100118 5.5e-05
45647 8.2e-05
165046 2.2e-05
0 1e-06
45260 0.000198
5141 2e-06
113094 5e-05
67590 5e-06
51178 3.1e-05
0 1e-06
36802 3e-05
36370 5e-06
1472 9e-06
8134 2.5e-05
94116 2.7e-05
57215 5e-06
17873 5.9e-05
13966 7e-06
11869 5e-06
0 2e-06
24780 1.3e-05
50516 5.4e-05
30956 9e-06
5056 9e-06
79858 5.3e-05
85212 2.8e-05
0 5e-06
52298 8e-05
84816 4e-06
122946 9.1e-05
0 4e-06
168786 4e-06
2250 2e-06
73450 1.6e-05
31956 3e-06
107308 6.2e-05
0 3e-06
138182 2.1e-05
43805 3e-06
0 1e-06
81021 0.000288
32997 1e-05
55614 0.000478
23862 3e-06
0 1e-06
58718 4.9e-05
32568 6e-06
0 2e-06
145545 0.000177
5177 1e-06
12567 1e-06
80448 0.000287
7280 6e-06
19018 5.3e-05
58364 6e-06
14052 2e-06
66721 2.4e-05
51560 1.7e-05
147945 5.4e-05
6463 2e-06
118306 3e-06
89029 9.7e-05
16479 2.6e-05
6684 7e-06
133608 3e-06
0 4e-06
121238 4e-06
23209 0
7290 1.4e-05
8812 1e-06
16968 1.8e-05
132622 5e-06
50440 0.000472
59188 1.2e-05
120643 9e-06
24066 0.000148
77342 3.5e-05
0 0
0 1e-06
115656 6e-06
0 0
0 0
0 3e-06
122580 1.9e-05
72270 8e-06
99895 5e-06
0 3e-06
21942 1e-05
18411 5e-06
141908 5e-05
81346 7.9e-05
137312 1.2e-05
80679 3.4e-05
2968 1.1e-05
38553 1.8e-05
12187 4e-06
242 5e-06
102599 8e-06
67815 9e-06
0 1e-06
12652 1e-06
48356 1.9e-05
67299 2.9e-05
26025 0.000176
114205 0.000231
116361 3.1e-05
51705 1.8e-05
76580 3e-05
54185 6e-05
23357 3e-06
62435 6e-06
107224 4.4e-05
92615 1.3e-05
10429 1e-05
97590 4.3e-05
10171 2e-06
0 2e-06
87571 1.9e-05
30448 9.6e-05
0 2e-06
66201 1e-05
2988 1.6e-05
18120 1.4e-05
132103 7.3e-05
15581 6e-06
117358 1.2e-05
45026 1e-06
3204 8e-06
83088 9e-05
0 2e-06
0 1e-06
8683 1.8e-05
6918 2.1e-05
2224 3e-06
27253 2e-05
13817 8e-06
12368 2.2e-05
26834 3.3e-05
30120 1e-06
104164 6.9e-05
0 0
35924 4.4e-05
0 1e-06
28153 7e-06
6708 8e-06
16650 7e-06
13124 4e-06
26832 2.1e-05
69356 4e-06
39845 3.2e-05
0 6e-06
43843 2.9e-05
52786 4e-05
33203 2e-06
986 1.5e-05
0 2e-06
41972 4.7e-05
58342 1.9e-05
1516 8e-06
64269 2e-06
59977 1e-05
6200 1e-06
55798 7.5e-05
7978 1.6e-05
26041 1.2e-05
59997 0.000291
7084 2e-06
0 6e-06
0 0
24056 9e-06
61054 3.5e-05
33123 7e-06
22278 2e-05
71165 1.7e-05
67329 1.1e-05
1789 7e-06
10285 5e-06
48685 1e-06
18454 3e-06
65191 1.4e-05
8800 6e-06
0 0
0 0
11621 1.3e-05
6889 2e-06
4039 1e-06
52108 0.000446
15819 3e-06
2164 3e-06
24124 2e-06
38784 3.3e-05
81166 1.7e-05
13668 3.4e-05
11024 3.6e-05
0 0
15552 3e-06
94704 1.6e-05
35342 2e-06
100515 0.000105
58775 1.3e-05
27732 1e-06
107230 3.7e-05
51584 6.9e-05
45896 8e-06
10000 5e-06
28712 1e-06
42042 2.2e-05
0 1e-06
21874 6e-06
161067 0.000277
39386 2.8e-05
21284 3e-06
143580 3e-06
9141 2e-06
27363 2.3e-05
29654 2e-05
0 2e-06
134319 1.1e-05
84836 0.000259
81043 5e-06
0 3e-06
0 2e-06
114107 4.5e-05
19335 0.000131
55576 3.2e-05
37219 2e-06
186231 7.7e-05
30854 0.00015
58170 4.6e-05
45678 1e-05
124286 6.5e-05
84397 3.4e-05
48109 2e-06
13730 2.9e-05
27688 4.7e-05
105368 2e-05
307 4e-06
82704 1.6e-05
28591 1.8e-05
43196 2.7e-05
16411 6e-06
51604 7.3e-05
94417 7e-05
64110 0.000259
36687 1.3e-05
0 0
8194 6e-06
25595 1.3e-05
125127 4.8e-05
6513 1e-06
48545 1.3e-05
2166 0
0 0
102484 5e-05
80324 5e-06
0 1e-06
0 4e-06
14407 2e-06
125492 2.3e-05
111966 4.6e-05
39143 1.9e-05
0 5e-06
93205 0.000109
0 1e-06
6158 6e-06
9556 5e-06
70305 5e-06
26595 7e-06
44198 3e-06
26418 1.7e-05
39984 2.5e-05
13377 4e-06
59084 4.8e-05
72646 3.7e-05
125994 4.6e-05
10943 5e-06
58046 6.2e-05
12295 1.3e-05
9252 0
5976 8e-06
89622 2.9e-05
37846 2.7e-05
33781 1e-05
76309 1e-06
111211 2.2e-05
0 1e-06
18499 1.5e-05
47175 1.6e-05
21074 2.8e-05
64685 2.6e-05
22376 1e-06
1442 2e-06
76190 8e-06
54309 2e-06
0 1e-06
157 1e-06
40154 2.9e-05
9446 9e-06
34589 7e-06
15836 8e-06
16495 3e-06
30476 3e-06
187370 4.6e-05
42070 1.3e-05
56175 3e-06
0 3e-06
23078 9.5e-05
0 2e-06
97746 6e-06
11269 1.7e-05
32580 0.001124
112528 9e-06
65294 1.1e-05
46335 7.3e-05
0 0
208659 4.8e-05
85300 4e-06
11081 5.9e-05
12060 9e-06
11795 4e-06
0 2e-06
47386 5e-06
9368 1e-05
17245 2e-06
32829 2.2e-05
46051 9.6e-05
0 0
0 8e-06
18616 1.1e-05
16709 2e-06
6630 2e-05
0 2e-06
44732 1.2e-05
44200 0.000225
1029 4e-06
35202 3e-06
27855 2.8e-05
55118 1e-05
59189 0.000148
0 1e-06
27494 4.3e-05
155696 8e-06
74582 0.000328
106700 2e-05
0 3e-06
77000 9e-05
88734 0.000261
58026 0.00019
2937 5e-06
46758 7.6e-05
1142 9e-06
8114 1e-06
74142 3.8e-05
0 5e-06
25114 1e-06
163031 7e-06
24680 0.000158
0 1e-06
85299 5e-06
0 1e-06
0 3e-06
2412 5e-06
46 3e-06
19618 1e-06
0 1e-06
105255 9.3e-05
81010 1e-06
0 1e-06
45950 0.000134
48303 2.7e-05
193748 2.7e-05
25897 2.8e-05
14842 4e-06
23643 2.1e-05
37382 1.5e-05
0 0
26675 5e-05
21696 2e-05
31522 1.2e-05
0 7e-06
0 0
63644 6e-06
0 3e-06
111536 2e-06
77342 4.3e-05
3877 1.5e-05
4520 6e-06
0 2e-06
25623 1.1e-05
16281 9e-06
28237 4.6e-05
6370 2e-06
1110 4e-06
0 5e-06
197632 0.000107
31375 1.2e-05
0 7e-06
8397 3e-06
11684 3.8e-05
0 2e-06
4066 1e-06
49182 2e-06
10023 2e-06
773 2e-06
22980 2e-06
7423 7e-05
67888 1.5e-05
19300 2.2e-05
12977 2e-06
25468 6e-06
0 4e-06
153001 0.000216
0 4e-06
4109 3e-06
116712 1e-05
20192 6e-06
21840 1.8e-05
74062 3.7e-05
0 1e-06
40383 2.6e-05
67920 7e-06
89732 1.5e-05
0 1e-06
19900 1e-06
82194 1.3e-05
194301 8.1e-05
42940 7.6e-05
66892 6e-05
0 2e-06
179871 3.1e-05
14742 3e-06
0 0
11650 1.5e-05
0 6e-06
130524 2.1e-05
0 2e-06
38769 3e-06
21116 1e-05
120226 2.7e-05
4858 3.5e-05
0 2e-06
31403 0.000154
115950 4.7e-05
34508 1.3e-05
7511 3e-06
25737 8e-06
11285 6e-06
3713 5e-06
35635 2.5e-05
0 0
48552 7e-06
0 0
0 4e-06
13692 3e-06
37284 2.1e-05
43972 3.6e-05
608 7e-06
39840 2.1e-05
113602 9.1e-05
111119 2e-06
14294 0.000113
80945 2.5e-05
16994 4.6e-05
16443 9e-06
41 6e-06
72651 1.7e-05
0 1e-06
123972 2e-05
17554 4e-06
30031 1.3e-05
7683 7e-06
6710 5e-06
0 1e-06
25084 3e-06
0 1e-06
147330 2.3e-05
90421 5e-06
13938 1e-06
32957 6e-06
6658 1e-06
41926 3.9e-05
59238 8e-06
0 1e-06
124644 1e-06
86595 1.8e-05
34374 3e-06
39087 1.3e-05
30708 2e-06
6201 1.1e-05
9628 3.4e-05
59683 6.7e-05
71995 3e-06
28557 2e-05
8041 1e-06
81205 2e-05
0 3e-06
0 2e-06
27729 5e-05
29368 6e-06
59961 2e-06
24678 5e-06
7744 1e-06
3831 1e-06
56974 0.00018
26363 2e-05
63656 0.001796
812 6e-06
11940 8e-06
37878 1.1e-05
24825 8e-06
30578 2.3e-05
0 1e-06
1437 1.6e-05
151 9e-06
0 1e-06
49815 1e-06
0 0
2479 5e-06
10104 1e-06
7995 4e-06
41248 0.000576
20937 1.1e-05
18146 0.000197
553 0
20414 7e-06
56190 9e-06
116 6e-06
45006 1.8e-05
50474 3e-06
32457 1.1e-05
8154 7e-06
38415 1e-06
5212 6e-06
43308 2e-06
0 0
19390 1.2e-05
89487 9e-06
0 0
40366 1.7e-05
16641 2e-06
0 3e-06
4393 1.1e-05
92898 3.2e-05
152302 0.000116
14096 2.8e-05
0 2e-06
45677 3e-06
87307 0.000257
46834 1.1e-05
7923 3.1e-05
6374 9e-06
8332 1e-06
6530 1.6e-05
0 0
63668 0.00026
0 0
128138 1.6e-05
5184 1e-06
148786 5.7e-05
122803 0.000571
18088 4.3e-05
51192 2.6e-05
0 5e-06
19731 1.4e-05
472 2e-06
0 3e-06
14147 2e-06
92092 0.000167
0 5e-06
0 0
0 0
79624 3.1e-05
27887 5.7e-05
127000 4.3e-05
91145 2.7e-05
44586 7e-05
38363 2.2e-05
3618 1e-06
21284 1.6e-05
29142 1e-06
0 0
0 1e-06
31839 2e-06
83245 4e-06
0 0
35116 1.2e-05
16098 1.2e-05
14733 1.7e-05
61264 4.8e-05
11589 1.2e-05
0 5e-06
0 2e-06
48726 1e-05
14033 5e-06
56492 3e-06
102140 3e-06
3148 5e-06
40867 4.4e-05
60674 2.6e-05
0 0
30973 1.9e-05
17168 2e-06
5058 2e-06
0 4e-06
2516 2e-06
2969 1e-06
23994 2e-06
3244 2e-06
12423 1.4e-05
98829 1.1e-05
1547 8e-06
8994 9e-06
32342 9e-06
0 5e-06
125176 8.3e-05
0 0
2142 1e-05
0 0
0 2e-06
22197 2.4e-05
102125 7e-06
71841 0.000136
0 2e-06
88284 5.3e-05
0 2e-06
937 1e-06
31650 2e-06
20091 1e-06
0 2e-06
0 2e-06
0 1e-05
136716 0.000177
140096 0.000234
9242 3.3e-05
198809 7e-06
448 1e-06
26203 4.2e-05
117837 1.3e-05
75270 5.1e-05
149125 2.6e-05
16285 4.6e-05
37521 2e-06
51312 2.1e-05
0 0
88120 2.3e-05
5572 2e-06
52618 2.1e-05
53839 1.7e-05
27527 0.000215
17443 1e-05
17976 1e-06
30283 0.000165
87081 8.5e-05
192489 7.6e-05
40590 5.2e-05
69921 4.5e-05
121043 7e-06
206527 3.6e-05
65008 4.2e-05
4346 1e-06
60829 9.2e-05
57516 5.2e-05
0 3e-06
80527 1.5e-05
40570 1.8e-05
288 7e-06
11959 1.7e-05
18245 3e-06
75003 1.2e-05
28563 0.000104
65651 3e-06
92240 8e-06
123536 0
56908 5.4e-05
85434 1.1e-05
408 2e-06
14454 2e-06
0 1e-06
156933 2.8e-05
126409 1.6e-05
31052 1.7e-05
8135 3e-06
186705 2.4e-05
4799 1.9e-05
43158 5e-06
87 1e-06
22959 8e-06
0 0
68383 1.4e-05
25950 3.7e-05
12790 1.1e-05
0 4e-06
67319 1.7e-05
0 4e-06
62396 6.2e-05
48205 9e-06
0 2e-06
40410 2.4e-05
21564 2.2e-05
14016 3e-06
0 8e-06
79260 1.6e-05
1915 4e-06
105891 7e-06
177879 3.1e-05
192750 0.000298
47913 1.9e-05
49864 1e-06
27783 6e-06
80 1.2e-05
0 0
21294 0.000163
0 0
166199 3.9e-05
0 0
4318 2e-06
29886 3.2e-05
130845 0.000174
184197 4.8e-05
14783 2.9e-05
29441 2e-05
29278 2e-06
51700 2.6e-05
23518 6.5e-05
0 0
14018 2e-06
124351 5.8e-05
78475 4.7e-05
10804 2.7e-05
0 2e-06
24733 4.4e-05
1921 7e-06
165592 0.000242
65501 2.6e-05
55043 7e-06
42791 2.8e-05
57654 4e-06
5141 2e-06
8314 8e-06
123665 7e-06
109910 7e-06
29460 4e-06
26460 1.2e-05
40557 5e-06
128493 1.8e-05
151765 0.00028
100260 0.000145
0 2e-06
132110 1e-05
7906 1e-05
33966 7e-06
29608 2.7e-05
81851 8.2e-05
60612 0.000522
1398 6e-06
17320 4e-06
56634 1e-06
43797 1.4e-05
37744 7e-06
0 0
43884 1.9e-05
0 2e-06
32973 1.5e-05
60706 4e-06
84998 1.2e-05
1319 5e-06
131794 5e-06
24640 4.5e-05
32754 2.1e-05
0 2e-06
3957 1.1e-05
0 0
92954 1.9e-05
64923 7.5e-05
25185 2.3e-05
155692 7e-06
0 1e-06
26662 2e-06
117450 1.6e-05
0 1e-06
23265 6e-06
185580 7.3e-05
40898 2.8e-05
131231 4.4e-05
7358 1.1e-05
0 1e-06
39004 7e-06
64872 1e-05
10783 5e-06
9729 0.000139
21373 4.6e-05
1740 2e-06
16183 1e-06
0 2e-06
0 0
118655 0.000635
84840 2.4e-05
104101 9e-06
12905 3.1e-05
0 1e-06
49580 1e-06
82457 1.6e-05
93900 2e-06
41341 7e-06
23160 1.4e-05
0 2e-06
0 1e-06
5688 4e-06
188550 6e-06
0 7e-06
5437 3e-06
4102 6e-06
1940 1e-05
1252 3e-06
14145 7e-06
2416 5e-06
14534 1e-05
42373 1.7e-05
77571 4.7e-05
2938 2e-06
21461 2e-05
26509 0.00019
6066 1e-05
1396 1e-06
77452 6e-06
56629 1.1e-05
103227 1.1e-05
193267 0.000166
112710 2.5e-05
0 1e-06
25201 3.4e-05
55236 1.4e-05
149766 1.4e-05
29456 2e-05
1016 3e-06
544 3e-06
30750 3e-06
18182 1.3e-05
92042 0.000114
5624 2e-06
105981 6.6e-05
99475 1.8e-05
0 1e-06
27457 1.4e-05
105819 1.2e-05
23258 2e-06
40477 3e-06
76092 7.3e-05
15020 2e-06
30663 2e-05
22719 6e-06
13789 1.9e-05
18117 5e-06
14898 3e-06
40868 3.3e-05
32464 0.000225
36698 1.4e-05
101730 3.4e-05
207337 8.1e-05
2036 2e-06
36253 1e-05
134465 3.6e-05
39318 0
0 1e-06
124561 5e-06
51590 2.1e-05
57485 5.2e-05
72714 4.3e-05
41939 5e-06
500 4e-06
13674 6e-06
71594 1.1e-05
45738 2e-06
12199 2.1e-05
22003 8e-06
69460 1.8e-05
2873 9e-06
89495 9.6e-05
29640 1e-05
0 1e-06
64544 3e-06
3530 2e-06
26717 0.000228
10613 2.4e-05
0 1e-06
14831 1.3e-05
0 6e-06
3024 1e-06
95524 4.3e-05
88225 3e-06
28659 2e-06
59210 3e-06
25234 3.7e-05
156189 2.2e-05
0 2e-06
0 1e-06
17883 5.8e-05
15297 1.1e-05
11722 3e-05
59712 6e-06
70794 2.3e-05
89227 6.2e-05
4425 1e-06
18570 5e-06
86108 1e-06
1520 2e-06
616 2e-06
165283 5.4e-05
27599 0.000116
56352 6e-06
0 3e-06
18062 1e-06
606 4e-06
0 1e-06
27199 0.000185
0 1e-06
28811 2.4e-05
36938 2.7e-05
13679 1e-06
19071 1e-06
56073 5.3e-05
1672 8e-06
181861 3.6e-05
14376 0.000167
77453 3e-05
0 9e-06
818 5e-06
2422 4e-06
58779 3.8e-05
68547 1.7e-05
45144 2e-06
134533 4e-05
97440 8e-06
2196 1e-06
1566 2e-06
58672 1e-05
0 2e-06
0 1e-06
19277 4.5e-05
46783 2.9e-05
110210 4.1e-05
0 2e-06
35171 8e-06
13120 7e-06
40613 9e-06
19467 5e-06
2470 9e-06
22149 1.8e-05
0 4e-06
15761 3e-06
0 1e-06
12088 3e-06
15755 2e-06
6245 2e-06
11817 1.3e-05
98145 7.2e-05
697 7e-06
57639 3.1e-05
21036 2.8e-05
143307 6e-06
61813 4.5e-05
54872 8.5e-05
77320 2.6e-05
0 8e-06
38774 1e-06
0 4e-06
93183 1e-06
5214 1e-06
13217 4.4e-05
136808 0.000134
0 0
53713 2e-05
15203 1e-06
46130 8.8e-05
80760 7.3e-05
0 0
55487 7.7e-05
0 5e-06
64662 5.7e-05
158572 2.2e-05
67400 7.5e-05
4352 2e-06
0 2e-06
0 2e-06
1543 4e-06
18886 1e-06
0 0
27566 1.1e-05
44313 2e-06
63839 2e-05
0 0
94699 5.1e-05
15945 1e-06
127036 2.3e-05
0 1e-05
79348 0.000105
105992 4e-05
1806 8e-06
58845 3.4e-05
20507 5e-06
1897 2e-06
70996 1.9e-05
0 0
903 9e-06
5726 2e-06
13637 1e-06
16866 1.3e-05
69324 2.5e-05
82917 1.9e-05
29940 1.6e-05
100258 2e-06
24279 2.7e-05
32573 0.000525
84858 8.6e-05
963 5e-06
34921 3.9e-05
21081 2e-06
177345 5.2e-05
21224 1.1e-05
103190 3.5e-05
0 0
11728 9e-06
0 0
13124 8e-06
65591 4.4e-05
27152 4e-05
63531 5e-06
95875 3e-06
0 1e-06
54908 2e-06
133737 8e-06
0 6e-06
0 0
0 1e-06
50016 3.2e-05
98180 2e-06
1670 2e-06
0 0
53323 1.2e-05
19227 1e-05
38343 1.9e-05
65546 3.1e-05
53630 1.4e-05
27325 3.6e-05
32756 8e-06
0 0
3540 3e-06
0 2e-06
49244 6.3e-05
28817 2.5e-05
559 2e-06
112868 2.5e-05
1853 2e-06
0 1e-06
3332 3e-06
20307 2e-06
0 1e-05
16411 7.2e-05
26742 6.2e-05
9070 1.8e-05
9821 3e-06
19826 4e-06
69999 1e-06
26360 3e-05
39270 1e-06
102404 5e-06
0 4e-06
0 1e-06
19635 8e-06
31579 7e-06
0 1e-06
31754 7e-06
65693 1.6e-05
122050 0.001003
26887 3.6e-05
113467 6.9e-05
21118 1.3e-05
12488 7e-06
10188 1.2e-05
0 4e-06
2950 1e-06
31979 1e-06
7948 2e-06
72531 3e-06
54782 2e-06
19019 8.8e-05
2205 5.6e-05
25169 0.000258
66770 1.1e-05
97244 4.2e-05
58385 1.1e-05
40988 2.3e-05
12331 3.2e-05
0 1e-06
67311 2e-05
164610 2e-05
2898 1.1e-05
0 1e-06
53043 6.6e-05
81597 1.6e-05
0 1e-06
0 0
151890 1.8e-05
137179 4.6e-05
21593 4e-06
1344 1e-05
65540 1.2e-05
0 2e-06
116634 5e-06
0 0
3436 8e-06
67093 6.4e-05
51869 4e-06
21571 2e-06
0 6e-06
0 2e-06
14200 0.000125
51774 1e-06
235 1e-06
41936 1.6e-05
3834 1.7e-05
32068 2.6e-05
0 1e-06
60938 1.4e-05
0 1e-06
78188 0.00015
0 1e-06
15780 6e-05
55686 1.4e-05
52732 3e-06
4252 1e-05
18267 1e-06
0 2e-06
27753 0.000148
23346 4.7e-05
24363 6e-06
48131 2.5e-05
98147 0.000123
0 3e-06
0 0
24997 8e-06
40924 2.6e-05
3658 2e-06
10632 2e-06
0 1e-06
26801 3e-06
29146 2e-06
89430 1.7e-05
93445 7e-06
0 0
39892 2.1e-05
30395 4e-06
0 0
9192 4e-06
138115 1.8e-05
49060 9e-06
80569 4.6e-05
9225 2e-06
23960 2.8e-05
17670 2.1e-05
2700 6e-06
52039 6e-06
26786 3e-06
46078 3.3e-05
111426 1.8e-05
33259 8e-06
39818 2e-06
49484 1.1e-05
5428 4e-06
48876 4.2e-05
33882 2e-06
64432 2.2e-05
71094 2e-06
0 2e-06
28676 6e-06
54522 4.9e-05
43761 8e-06
0 1e-06
5430 2e-06
339 3e-06
0 4e-06
58867 5e-05
9108 1e-06
38249 2.8e-05
53244 3.9e-05
96671 0.000104
18846 0.000105
23762 1.8e-05
0 5e-06
512 6e-06
11509 9.6e-05
3761 6e-06
0 0
16187 1.9e-05
68586 6.3e-05
124765 9.6e-05
51825 2e-06
72507 5.2e-05
0 2e-06
28252 0.000164
72088 3e-06
32533 1e-06
25906 1.3e-05
85184 7.5e-05
26342 3.2e-05
41047 4e-06
2223 2e-06
2944 5e-06
69969 6.2e-05
25795 7.1e-05
0 1e-06
28316 0.000254
57803 1.5e-05
0 1e-06
29428 1.4e-05
33788 1.3e-05
70822 1e-05
44622 4e-06
42772 3.2e-05
0 2e-06
179753 6.3e-05
69487 2e-05
55651 5e-06
31065 6e-06
0 3e-06
107457 3e-05
22977 1.4e-05
9203 2e-06
105052 2.1e-05
26503 1.5e-05
4955 3e-06
0 2e-06
0 1e-06
37616 4e-06
13136 2e-06
23487 3e-06
28663 4.1e-05
57909 1.2e-05
55546 6e-06
0 3e-06
10652 1e-06
0 2e-06
140466 2e-05
554 4e-06
74171 5e-06
63294 0.000272
0 0
24960 6.1e-05
130890 3.5e-05
21586 9e-06
10919 1e-06
22602 6e-06
12302 9e-06
51614 1.6e-05
75618 0.000204
19099 4e-06
28916 1.1e-05
13905 5e-06
52655 0.000617
147706 4.7e-05
27810 1e-06
2941 3e-06
25227 0.000249
1824 1.5e-05
4687 2e-06
0 0
5850 9e-06
124550 1.6e-05
26817 1.9e-05
30589 1e-06
158925 5e-06
60066 5e-05
22528 4.6e-05
19645 1.7e-05
42841 5e-06
67685 8e-06
23900 5.6e-05
64466 2.6e-05
21090 2.5e-05
90531 2.2e-05
2174 6e-06
25725 3.1e-05
0 4e-06
74592 1e-06
0 0
7909 3e-06
39160 1.6e-05
64968 1.5e-05
23831 9e-06
500 1e-06
8832 6e-06
68593 0.000257
104626 7e-06
75736 1.1e-05
37734 5.8e-05
64711 6e-06
141826 2.4e-05
8684 1.2e-05
16528 3.8e-05
0 1e-06
19216 1.9e-05
37917 7.2e-05
7032 6e-06
8625 5e-06
1308 1.1e-05
30432 0.000113
32666 3e-06
18878 1.9e-05
8106 1.1e-05
117930 4.1e-05
56930 3.5e-05
32614 3.1e-05
17230 1.4e-05
91448 3e-06
0 2e-06
69799 3.6e-05
80584 4e-06
1167 1e-06
27018 1e-06
90828 0
10956 5e-06
0 3e-06
0 6e-06
58492 9e-06
0 5e-06
6906 1.8e-05
91165 2e-05
12818 2e-06
214666 2.5e-05
0 1e-06
67933 2.5e-05
150351 4.3e-05
75069 9e-06
0 0
15042 1e-06
22200 1e-06
36166 0.000118
58677 1e-06
0 5e-06
0 3e-06
26787 4.3e-05
5124 1e-06
119640 4e-06
26475 1.9e-05
4460 1.2e-05
23402 2e-06
7364 2e-06
18890 4e-06
52788 1e-06
9463 1e-05
37264 6e-06
32735 2.4e-05
29565 4e-06
12671 2e-06
5778 8e-06
34534 1.7e-05
43504 2.5e-05
128592 1.5e-05
37840 5e-06
47855 4e-06
101117 1.9e-05
180789 0.00019
46548 9.9e-05
11292 2e-06
47557 2.6e-05
6488 1.1e-05
2228 2e-06
18091 1.3e-05
0 7e-06
0 2e-06
22423 2e-06
35740 2.7e-05
12694 3.3e-05
46522 2.8e-05
23550 1.6e-05
73902 2e-06
10653 2e-06
18538 2.5e-05
34837 2e-06
5959 2.1e-05
0 1e-06
0 0
85119 0.000178
48209 4.7e-05
24884 5e-06
103650 6e-06
67971 3.7e-05
0 0
74213 1.2e-05
0 1e-06
59703 2e-06
2930 6e-06
0 0
0 1e-06
0 2e-06
372 3e-06
131020 3.2e-05
3066 1.3e-05
10086 2e-05
33681 1e-06
151083 1.6e-05
0 5e-06
0 0
53308 1e-06
124068 0.000138
0 2e-06
40844 2.9e-05
89192 1.7e-05
26005 1.3e-05
0 1e-06
73476 9.2e-05
144717 7.3e-05
29195 1e-05
25602 5.2e-05
27124 3.8e-05
24927 1.7e-05
32620 3e-05
179817 5.2e-05
28014 0.001979
55940 1e-05
122291 0.000287
0 0
17358 1.6e-05
1830 6e-06
1459 2e-06
123090 8.1e-05
40824 1e-06
138615 0.000118
25203 0.000238
64404 1.6e-05
84852 1e-06
6084 6e-06
44871 7e-06
80398 8e-06
19085 1.2e-05
0 2e-06
1536 3e-06
10951 2e-06
103407 0.0003
8530 1.2e-05
0 4e-06
54928 6e-05
0 4e-06
0 3e-06
63631 6e-06
88668 0.000105
51500 1.6e-05
102599 0.000107
25992 4.9e-05
53848 6e-06
81112 2.9e-05
64250 7.6e-05
125382 3.3e-05
66891 2e-05
60160 2.7e-05
0 1.4e-05
27555 1.8e-05
2940 6e-06
61446 2e-06
32209 4e-06
32174 2.4e-05
62309 6e-06
23810 0.000172
0 0
112195 9e-06
0 0
0 6e-06
29450 0.000245
123430 3.5e-05
28556 7.9e-05
22982 7e-06
122246 8.2e-05
57616 3e-06
89064 1.3e-05
133851 6.4e-05
53583 2e-06
9994 3e-06
20572 7e-06
0 3e-06
34702 0.000108
42633 8e-06
7633 1e-06
46565 7e-06
142670 4.7e-05
93692 1.5e-05
13089 2.9e-05
9978 3e-06
57564 2e-06
196762 2.6e-05
484 1.1e-05
55608 3.4e-05
45842 1e-06
83362 5e-06
46432 2.6e-05
37911 2.9e-05
5879 6e-06
41676 0.000134
72460 0.00027
21705 3e-06
60561 0.000119
15628 1.3e-05
68172 3e-06
4063 1e-06
44006 1.2e-05
33565 3e-06
3714 6e-06
25004 5e-06
0 1e-06
127172 5.1e-05
87783 1.5e-05
3239 2e-06
78084 5e-06
107876 2e-05
198 1.4e-05
11731 7e-06
0 0
0 0
18452 1.4e-05
55896 1e-05
80820 2.9e-05
48621 5e-06
2321 6e-06
38849 6e-06
13383 5e-06
2687 4e-06
0 0
3534 1e-05
0 1e-06
7472 1e-06
60338 0.000117
128237 5.7e-05
19581 1.5e-05
22898 1e-06
57354 4e-06
0 0
40655 3e-05
73998 2e-06
30044 9e-06
0 0
4833 5e-06
4256 3e-06
71757 1.3e-05
28416 1.4e-05
38455 9e-06
27942 2e-06
43224 2e-06
112147 3e-05
89203 0.000121
1425 7e-06
87973 3.1e-05
1339 8e-06
65181 4e-05
31497 2e-06
14096 1e-06
68328 2.9e-05
0 0
17224 1.8e-05
0 2e-06
3075 2e-06
0 1e-06
32412 1.5e-05
0 1e-06
12057 1e-06
0 1e-06
130515 4e-06
25404 2.3e-05
34322 9e-05
29986 9e-06
94140 2e-06
88360 2.7e-05
0 1e-06
9970 2e-06
0 1.2e-05
0 0
75952 2.2e-05
9378 5.4e-05
99323 5e-06
13199 1e-06
75400 1e-06
3862 2e-06
0 2e-06
31278 1.8e-05
0 0
113842 4e-06
20958 1e-06
0 2e-06
566 2e-06
28927 0.000103
79084 0.000879
15112 1.9e-05
103224 5.5e-05
0 0
3232 1.2e-05
13096 3e-06
0 2e-06
41033 2e-06
0 2e-06
17643 1e-06
0 2e-06
0 4e-06
0 0
3750 4e-06
16188 1.1e-05
25972 3.7e-05
30674 0.000646
20531 3.3e-05
11933 2.6e-05
0 2e-06
0 3e-06
0 0
0 3e-06
26798 3.3e-05
33848 5e-06
47268 1.4e-05
16492 4e-06
70739 4e-06
71646 4.3e-05
0 1e-06
83960 8.7e-05
0 4e-06
18837 3e-06
10506 4e-06
7870 7e-06
15073 2e-06
97380 6.2e-05
4488 2e-06
0 1e-06
30455 5e-06
40140 1e-06
15702 2e-06
490 8e-06
83982 0.000126
55209 5.3e-05
58086 2e-06
0 2e-06
152790 2e-05
28567 3.2e-05
57134 2e-06
4860 1.6e-05
83351 5.4e-05
10253 5e-06
23902 8.3e-05
9538 0
0 2e-06
27614 1.5e-05
150 8e-06
0 7e-06
17301 9e-06
3386 9e-06
126541 0.000397
27672 4.2e-05
8574 3e-06
4911 1.5e-05
20518 1.3e-05
84981 1.6e-05
10902 6e-06
25180 9e-06
0 3e-06
4976 7e-06
43033 3.6e-05
0 2e-06
46050 1e-06
2024 7e-06
45121 6e-06
140634 8.5e-05
0 6e-06
0 1e-06
64857 5e-06
64718 2e-05
111836 1.5e-05
7987 1e-05
25015 1e-06
68632 4e-06
6154 5e-06
173787 1.2e-05
0 1e-06
115892 7.4e-05
42645 2e-06
13889 1.4e-05
7763 3.9e-05
62998 6e-05
38786 0.000108
23457 7e-06
2023 1.5e-05
77358 7.8e-05
108385 2e-06
0 4e-06
25169 2e-05
35779 3.2e-05
114708 0.000215
54476 4.8e-05
86176 2.7e-05
26668 2.6e-05
5360 6e-06
700 8e-06
3123 3e-06
4227 5e-06
161071 3e-06
5148 9e-06
101706 9.1e-05
161571 0.000172
88381 2e-06
104843 9e-06
18008 1e-06
20911 1e-06
33336 6e-06
30005 3.9e-05
45662 6e-06
9508 4e-06
10770 4e-06
49101 3e-06
17412 7e-06
802 2e-06
21185 5e-06
10706 4e-06
175950 9e-05
0 1e-06
185373 0.000132
58812 3.3e-05
68578 1.5e-05
29925 0.00011
0 1e-06
0 2e-06
84007 0.000124
133425 5.3e-05
139221 0.000147
19639 1.7e-05
60528 3.6e-05
19312 1e-06
2451 1e-06
105997 5.1e-05
42402 8e-06
86874 2.2e-05
96415 9e-06
105691 1.6e-05
45372 1.7e-05
102486 1.8e-05
125500 0.000167
38144 1e-05
0 2e-06
0 0
6367 2e-06
145285 5.2e-05
153883 7.6e-05
0 1e-06
99800 5e-06
98466 4.3e-05
85146 4.5e-05
45791 3e-06
59282 2.1e-05
0 3e-06
6114 1.7e-05
0 7e-06
23916 1e-06
101153 3e-06
27152 1e-06
52165 2e-06
0 3e-06
76142 1e-06
24994 8e-06
0 0
9479 6e-06
8418 2e-06
147905 2.9e-05
0 1e-06
75140 1.3e-05
283 3e-06
23081 1.7e-05
38874 1e-05
1470 7e-06
24005 3e-06
0 1e-06
210 3e-06
22002 7e-06
154239 3.4e-05
58424 4e-06
25175 1e-05
19701 2e-05
4694 1.4e-05
0 5e-06
43498 0.000113
0 2e-06
0 1e-06
48868 7e-06
108933 2.7e-05
62325 1.7e-05
63598 9e-06
0 1e-06
4700 4e-06
0 1e-06
104355 1.4e-05
30877 1e-06
107603 1.4e-05
29244 1.4e-05
99420 2.1e-05
133909 0.00016
0 4e-06
28157 2e-06
7057 1.1e-05
34076 1e-06
53346 4.3e-05
0 3e-06
6366 2e-06
49218 7e-06
0 2e-06
66737 6e-06
3274 8e-06
25228 0.000161
0 0
42803 1.5e-05
208852 3e-06
13206 2.5e-05
12246 1e-06
0 0
0 5e-06
17940 6e-06
45434 2.8e-05
0 7e-06
89667 3.4e-05
167907 0.000184
2895 1e-06
0 2e-06
91149 8e-06
69280 3e-06
0 0
63296 5.5e-05
13160 4.7e-05
46791 6.5e-05
0 5e-06
1143 6e-06
30848 9e-05
0 1e-06
68241 2e-06
0 3e-06
148262 1.9e-05
4060 3e-06
60574 2.4e-05
95132 3e-06
0 4e-06
5880 1.7e-05
0 0
29534 7.8e-05
76007 0.000151
26508 6e-06
17080 4.3e-05
0 5e-06
9024 8e-06
56783 7.8e-05
0 3e-06
235 5e-06
169232 2.8e-05
61641 1.3e-05
45055 4.8e-05
33301 3e-06
89649 8e-06
168319 9e-06
48043 7e-06
19344 2e-06
35405 7e-06
85523 2e-05
468 1.4e-05
97171 9e-06
0 1e-06
97155 1.5e-05
4765 1.2e-05
25697 1.7e-05
112568 0.000246
23260 5.1e-05
21962 3.4e-05
30928 3e-06
0 1e-06
0 0
71365 3.3e-05
7439 8e-06
0 2e-06
8326 2.7e-05
14471 1e-06
104022 2.6e-05
26735 0
11076 7e-06
84390 2.2e-05
179131 0.000157
126426 0.000115
56116 2.2e-05
4313 1e-05
4680 9e-06
0 4e-06
31844 4e-06
12547 4.3e-05
35932 1.1e-05
70607 1.2e-05
11726 8e-06
55393 7e-06
18202 1e-06
104693 2.7e-05
18884 1.4e-05
4468 9e-06
10794 1.6e-05
73369 1.3e-05
10896 2.8e-05
0 0
35054 1e-06
96332 3e-06
107909 2.6e-05
47145 3.5e-05
75188 3.8e-05
160276 3.7e-05
37086 1e-05
119839 4e-06
31705 2.6e-05
42604 9e-06
15906 1.6e-05
1927 6e-06
0 0
231 1e-05
0 2e-06
9448 0
14903 3.2e-05
92976 0.000284
0 6e-06
112235 6.5e-05
6925 1.5e-05
0 1e-06
73436 0.000375
0 2e-06
53395 0.000137
2697 5e-06
3710 8e-06
5411 1.2e-05
27840 6e-06
20827 1.6e-05
293 7e-06
28935 0.000411
63067 0.000215
102027 1.7e-05
46665 5e-06
0 0
4067 3e-06
46716 8e-06
87233 5e-06
0 4e-06
42404 2e-06
0 6e-06
0 3e-06
4227 8e-06
100863 3e-05
122944 9e-06
23505 2e-06
55501 1.9e-05
10770 6e-06
10498 1.3e-05
9445 5e-06
53792 0.00017
64389 1.1e-05
41515 7e-06
46085 2e-06
123317 2.8e-05
109504 4e-06
72096 3e-06
29796 1e-06
149740 5.1e-05
55550 8e-06
69295 7.1e-05
25400 6.5e-05
41510 2e-06
29355 4.5e-05
0 1e-06
8260 4.4e-05
38888 4e-06
0 0
148078 1.1e-05
45299 2e-05
42648 1e-06
55777 2.9e-05
4096 4e-06
0 2e-06
0 1e-06
33301 2.6e-05
14961 1.6e-05
83313 1.5e-05
138856 4.6e-05
14788 1.3e-05
7961 5e-06
131056 2.8e-05
69943 5.2e-05
0 0
74594 1.2e-05
24315 1.4e-05
62934 0.000609
114274 1.6e-05
0 2e-06
0 1e-06
85302 7.4e-05
61643 1.9e-05
26050 1.6e-05
47054 3e-06
62535 5e-06
171639 6.6e-05
27282 3e-05
85857 2.7e-05
1320 2e-06
18256 2e-06
4793 6e-06
0 1e-06
61418 4e-06
25446 1e-06
0 1e-06
9678 1.4e-05
10112 8e-06
105356 4e-06
40114 2e-06
29448 5e-06
66495 4e-06
999 8e-06
37633 6.9e-05
58468 4e-05
146909 2.9e-05
0 0
31769 9.9e-05
57350 4.1e-05
80915 2e-06
10312 6e-06
1486 3e-06
0 0
147934 1.9e-05
2150 8e-06
70306 8e-06
66495 4e-06
164682 4e-06
109193 1.4e-05
106788 2.3e-05
4879 1e-06
11667 2e-06
166084 2.1e-05
110412 0.000107
17494 0.000216
31151 1e-05
53060 1.8e-05
25114 7e-06
0 2e-06
139794 4e-06
22325 1.3e-05
59852 0.000172
79654 4.9e-05
2090 1.5e-05
0 1e-06
102060 8e-06
10862 2e-06
1006 2e-06
0 1e-06
18066 1e-06
60265 0.000274
119445 8e-06
9567 2e-05
0 0
83247 1.4e-05
0 2e-06
31051 1.9e-05
27792 4.5e-05
20689 3.4e-05
0 1e-06
21916 2.9e-05
11184 6e-06
16548 3.8e-05
35838 4e-06
28360 2e-06
0 1e-06
0 0
0 6e-06
67380 1.8e-05
68245 2.4e-05
0 1e-06
127104 7e-05
0 0
40547 6e-06
0 0
9266 6e-06
34272 2e-05
17170 1.1e-05
46024 0
51735 0.000237
40070 4e-06
0 1e-06
149085 4.9e-05
44122 2e-06
138400 4.2e-05
51058 1.1e-05
3730 7e-06
7029 1e-05
17859 1.6e-05
1848 1.2e-05
16564 6.3e-05
25501 0.000123
497 2e-06
122412 9.4e-05
477 4e-06
27173 1.8e-05
97066 0.000101
5762 4e-06
71104 2.8e-05
87271 7e-06
0 3e-06
12074 1.8e-05
8796 8e-06
18884 1.2e-05
0 1e-06
7557 1e-05
202252 0.000181
14189 3e-06
152648 9e-06
52556 1.1e-05
5065 1e-06
156672 5.1e-05
27904 1.4e-05
29389 3e-05
12065 6e-06
56060 2e-05
218040 6.3e-05
2578 1e-06
147966 7.8e-05
40472 1e-05
195792 1.7e-05
23650 1.9e-05
2261 1.4e-05
128365 2e-05
16728 1.1e-05
0 5e-06
18708 1e-06
11171 2.5e-05
30366 3e-06
88795 3e-05
59169 3e-06
72260 7.9e-05
0 2e-06
0 0
0 0
2217 1e-06
27224 5e-06
61311 9e-06
13357 4.5e-05
69 4e-06
0 1e-06
1161 7e-06
27677 7e-06
122590 4.8e-05
92920 9.8e-05
13830 6e-06
3296 5e-06
28504 1e-06
26190 0.000271
3461 2e-06
93697 0.000165
174113 5.6e-05
77862 7.6e-05
2040 1e-05
155246 2.1e-05
123939 0.000132
22084 1.6e-05
68340 3e-06
17544 1e-06
28896 1.6e-05
165924 0.000114
119727 7.1e-05
4281 2e-06
21253 3e-06
50623 6.9e-05
21044 1e-06
69295 7.6e-05
16244 0.000141
19706 1.2e-05
0 6e-06
12148 1.2e-05
13488 3e-06
120965 7e-06
4832 2e-06
453 4e-06
5683 3.7e-05
0 1e-06
39895 2.1e-05
0 5e-06
31531 1.6e-05
29437 1.4e-05
18988 6e-06
182524 1.8e-05
30615 1.6e-05
30928 2e-06
0 1e-06
4052 3e-06
77899 2e-05
94254 2e-05
22582 6e-06
124544 0.000162
115322 2.7e-05
0 2e-06
17276 1e-06
34893 0.000129
2008 2.4e-05
34440 1e-06
5805 3e-06
142428 0.000183
23586 1.2e-05
0 2e-06
10375 3e-06
18968 6e-06
79336 0.000194
117712 9e-06
21060 2.6e-05
92478 1.2e-05
115415 2e-05
81673 1.6e-05
575 2e-06
21527 7e-06
12580 1.8e-05
57464 3e-06
35285 5e-06
79623 7e-06
94431 0.000416
27852 6.5e-05
0 0
100989 5.1e-05
26502 2e-06
29974 2e-06
0 2e-06
0 1e-06
84221 0.000174
14339 9e-06
23096 2e-05
0 2e-06
31645 1.1e-05
117880 1e-06
11264 1.3e-05
122097 0.0004
34902 2e-06
29466 2.5e-05
9723 2e-06
15069 1.3e-05
177965 3.6e-05
0 3e-06
76612 1.2e-05
97468 2e-06
16818 9.8e-05
1568 7e-06
117192 0.000159
8200 1e-06
34686 0.000173
43251 1.2e-05
153951 7e-06
54692 3.3e-05
29 6e-06
8417 1e-06
91758 3.7e-05
58197 4.4e-05
108381 6e-06
0 0
74172 0.000142
106819 7e-06
25616 2e-06
7747 1e-06
94087 3.8e-05
54084 1e-05
21358 4.5e-05
21921 1.5e-05
101069 3.3e-05
0 1e-06
89944 2e-05
80156 3.3e-05
52557 4e-06
0 2e-06
0 4e-06
3098 1e-05
181533 1.1e-05
28326 4.8e-05
58792 0.000283
0 1e-06
23744 9e-06
24498 2.7e-05
31900 0.000582
1139 2e-06
30620 1.2e-05
75444 7.2e-05
100102 4.7e-05
9448 1e-06
52670 9.6e-05
63907 3.1e-05
0 1e-06
89609 1.2e-05
6977 5e-06
0 0
152535 2.1e-05
65298 2.8e-05
31707 4.1e-05
42563 3.4e-05
39909 1.6e-05
6108 1.5e-05
4731 1e-05
11306 3e-06
20595 4e-06
89442 5e-06
8515 1e-06
72410 6.4e-05
27860 8e-06
14451 7.6e-05
31503 0.000369
27256 6e-06
5370 2e-06
30224 7.9e-05
38268 2.1e-05
12864 4e-06
10202 0
0 0
77329 2e-06
83428 5e-06
57702 0.000494
37793 2.1e-05
29090 1.1e-05
38706 3.1e-05
59427 2.9e-05
0 0
62681 8e-06
10575 3e-06
38741 1.2e-05
29866 1e-06
79363 2e-06
41194 5e-06
42626 2e-06
203283 4.6e-05
12241 7e-06
30013 2.2e-05
0 2e-06
0 4.3e-05
0 1e-06
0 2e-06
64295 1e-06
29816 4.5e-05
7077 2e-05
1476 6e-06
3912 1e-05
63896 3e-05
0 2e-06
76145 1e-06
2914 6e-06
32600 1.6e-05
1079 2e-06
23488 0.000274
130040 2.7e-05
62669 2e-05
51410 3.7e-05
0 0
0 2e-06
23693 2.9e-05
0 1e-05
0 2e-06
10460 1.8e-05
0 6e-06
25752 2.3e-05
0 0
56428 1.2e-05
0 3e-06
9930 1e-05
5221 1.4e-05
15159 8e-06
44551 7.6e-05
93368 1.4e-05
45236 2.1e-05
45623 3.5e-05
53068 2e-06
10852 6e-06
3630 1e-06
43545 1e-06
0 1e-06
13249 3.1e-05
99780 1.3e-05
56076 1e-06
0 1e-06
28587 1.5e-05
10573 2.3e-05
0 2e-06
105077 3.1e-05
89378 4.3e-05
86729 3e-06
32282 8e-06
85477 2e-06
17504 2.4e-05
96077 0.00015
91864 6e-06
21524 1e-06
10660 4e-06
0 3e-06
0 1e-06
44839 0.000374
18092 1e-06
29564 0.000112
79900 5e-06
47187 2.2e-05
20646 4e-06
50580 3.8e-05
2805 9e-06
52492 1.3e-05
26333 4e-05
35970 5e-06
33328 1.6e-05
31476 3e-06
28996 2e-06
30804 0.000152
57299 2.3e-05
11577 4e-06
909 1e-05
9250 2.3e-05
20984 1.1e-05
19439 2e-06
89036 0.000167
12645 4e-06
63393 0.000164
140964 0.000158
20583 4e-06
0 0
41266 3.9e-05
0 1e-06
186655 0.000161
41859 3.1e-05
35480 4.5e-05
49798 5e-06
287 5e-06
0 5e-06
21032 1.1e-05
0 1e-06
91568 2e-06
63208 1.2e-05
97085 4.1e-05
22854 2.3e-05
74711 9e-06
19832 2e-06
24072 7e-06
152276 3e-05
27998 7e-05
10480 5e-06
63380 1.4e-05
37639 8.4e-05
19779 4.2e-05
42378 8e-06
0 0
173025 5.8e-05
153304 0.000137
22539 2e-06
49659 2.2e-05
49382 3.8e-05
48324 2.8e-05
65359 4e-06
0 1e-06
80985 5.3e-05
14272 1e-06
0 3e-06
0 1e-06
56320 0.000103
0 1e-06
12893 1.8e-05
27418 6e-06
7455 1e-06
10500 6e-06
37584 1.7e-05
0 2e-06
44984 7.1e-05
85752 1e-06
106314 3.8e-05
29825 3e-06
42388 1.9e-05
0 4e-06
62206 0.000683
16432 2.5e-05
0 1e-06
28564 7e-05
28365 3.2e-05
155715 0.000146
13112 5e-06
2803 3e-06
36712 1e-06
89636 3e-06
0 3e-06
12282 1e-05
93474 5.3e-05
0 0
50196 1e-06
36288 6.9e-05
38366 2.2e-05
21543 1e-06
20887 1.2e-05
0 1e-06
94721 2.3e-05
19867 1.2e-05
1826 5e-06
125583 0.000118
26560 8e-06
13054 3.1e-05
0 2e-06
87766 3.3e-05
66666 1e-06
80756 2e-06
74325 7e-06
4621 1.9e-05
86361 1.5e-05
18583 1.6e-05
79837 3e-06
0 1e-06
96524 6e-06
0 1e-06
31155 0.001029
14247 1.5e-05
33827 2e-05
7390 1e-05
57449 1.5e-05
0 5e-06
0 2e-06
16481 2.8e-05
10484 1.5e-05
89465 4.5e-05
17194 9e-06
12253 1e-06
115013 2.6e-05
76169 2.6e-05
0 4e-06
61640 5e-06
36222 8e-06
70533 5e-06
14972 2.8e-05
31219 7.2e-05
32252 6.2e-05
54692 2e-06
49505 1.6e-05
5113 1e-06
66777 2e-06
53712 3e-06
64675 0.000147
39157 1.5e-05
60884 5e-06
178909 8.4e-05
0 5e-06
5069 4e-06
18421 8e-05
40053 2e-06
8108 3e-06
13876 2e-06
25317 5e-06
48385 7e-06
7412 2e-06
1621 1e-06
45816 2e-06
161182 1.6e-05
9780 3e-06
10694 1e-06
71182 1.6e-05
52068 1.9e-05
24241 1e-06
4154 1e-06
91582 4.2e-05
93529 6e-05
68486 2e-06
114925 0.000166
84043 9e-06
54360 6e-06
80652 7.5e-05
0 4e-06
0 0
86403 2.1e-05
85340 1.8e-05
0 5e-06
6096 1e-06
13335 5e-06
0 2e-06
36109 1.3e-05
96300 3.9e-05
46003 7.8e-05
89990 7.1e-05
4156 7e-06
7425 9e-06
35968 3e-06
0 1e-06
158863 9e-06
1325 7e-06
0 1e-06
66039 8.3e-05
3649 4e-06
12797 1.1e-05
17616 3e-06
0 1e-06
0 1e-06
0 1e-06
174899 0.000177
114089 1e-05
12786 1e-06
0 7e-06
0 1e-06
164198 6.4e-05
25578 0.000186
76647 4e-06
52478 3e-06
114285 9.7e-05
161188 0.00021
15154 1e-06
33730 1.6e-05
30050 1e-05
8976 9e-06
37483 3.2e-05
75178 1e-05
173716 7.1e-05
9468 0
0 0
0 0
18019 4e-06
40474 6e-05
63810 7.1e-05
19838 1.8e-05
0 2e-06
44871 0.000141
21650 7e-06
55875 1.1e-05
26295 2.1e-05
83865 7.8e-05
186840 2.8e-05
103684 0.000294
193581 9e-06
4582 9e-06
96543 1.1e-05
0 2e-06
1008 1e-06
71687 2.2e-05
9098 0
114536 4.7e-05
38272 1.7e-05
144932 6.3e-05
145814 8e-06
24089 0.000102
0 0
88871 0.000347
0 3e-06
101333 0.000134
80261 1.1e-05
0 7e-06
20200 1e-06
89029 5e-06
0 0
74416 2.5e-05
126495 0.000251
0 1e-06
46 1e-06
0 0
10106 6e-06
62076 1.4e-05
2263 8e-06
29284 1.5e-05
119077 0.000175
21675 4e-06
1890 5e-06
91145 2e-06
146522 1.3e-05
46114 1e-06
12575 2e-06
2598 7e-06
41995 7e-06
25165 3.7e-05
35064 5.2e-05
34208 8e-06
11857 8e-06
58549 6e-06
28257 4.3e-05
96614 3.4e-05
9866 1.1e-05
54215 6.3e-05
0 1e-06
2568 4e-06
68684 3.6e-05
7479 1.6e-05
0 0
13783 3e-06
168300 8.9e-05
4592 3e-06
130355 7.1e-05
36144 6.3e-05
159696 0.000148
0 7e-06
30565 2e-06
32952 2e-06
6954 1.5e-05
4016 2.8e-05
0 8e-06
0 4e-06
156961 1e-05
166549 8.2e-05
3659 4e-06
178236 1.8e-05
8494 5e-06
107404 7.9e-05
26966 1.4e-05
9350 1.1e-05
91195 1.6e-05
55047 0.000106
7834 3e-06
0 0
56400 4e-06
21667 2.4e-05
25818 3e-06
9082 3e-06
49115 0.000136
42114 3e-06
17870 1e-06
0 2e-06
50682 5e-06
0 1e-06
3339 1.8e-05
23695 9e-06
79416 1.7e-05
62 6e-06
26787 1.5e-05
0 6e-06
58192 0.000276
14547 4e-06
31838 8.6e-05
15195 1.7e-05
24492 2e-06
81937 3e-06
8988 2e-06
69500 0.000356
95876 0.000196
24563 2e-05
111864 3.7e-05
29175 0.001246
152832 3.6e-05
11780 9e-06
2535 4e-06
93498 6e-06
2545 2e-06
18495 1e-06
262 7e-06
28064 4e-06
21432 2.7e-05
0 3e-06
0 0
27159 2.1e-05
29769 1e-05
128967 2.2e-05
24320 0.000133
38147 1.1e-05
2383 1.2e-05
30534 3.7e-05
27522 4.9e-05
17613 2.2e-05
5226 8e-06
55391 1.2e-05
95346 2e-06
48092 1e-06
15243 5e-06
29176 7e-06
144982 0.000229
31267 6e-06
25597 3e-06
159655 0.000136
1872 3e-06
7920 5e-06
34020 4e-06
31710 1.1e-05
134562 9e-06
920 4e-06
2412 6e-06
153400 0.000105
0 1e-06
86354 2.6e-05
124669 3.3e-05
57954 9.6e-05
21800 3e-06
14872 7e-06
50558 4.8e-05
17646 1e-06
60020 2e-06
567 3e-06
19041 5e-06
9328 1.1e-05
7722 1.8e-05
0 1e-06
2211 1e-05
133395 9.7e-05
17952 6.9e-05
6425 2e-06
41994 1e-06
0 2e-06
54683 1.4e-05
54098 3.8e-05
31470 3.3e-05
15659 1.1e-05
16506 2e-06
52881 3.4e-05
30900 3.6e-05
11630 6e-06
120263 1.9e-05
3894 1e-06
80360 7.3e-05
66202 2.2e-05
69211 3e-05
0 6e-06
31641 3e-06
0 1e-06
43672 4e-06
0 3e-06
0 1e-06
34158 1.4e-05
15615 4e-06
70379 1e-05
18969 3.1e-05
89131 4e-06
73845 0.00014
119603 8e-06
48858 3e-06
0 1e-06
0 1e-06
51967 5e-06
69390 4.1e-05
0 2e-06
0 7e-06
32967 2e-06
0 6e-06
16241 1.8e-05
1152 6e-06
1950 9e-06
58382 0.000221
814 1e-05
0 4e-06
6889 8e-06
22776 3.3e-05
42335 9e-06
9268 1.1e-05
49111 1.7e-05
61221 3.1e-05
134501 1.3e-05
0 0
0 2e-06
24641 3e-06
133272 2.5e-05
0 0
19981 4.8e-05
26396 3.8e-05
32438 4.7e-05
42082 8e-06
14070 3e-06
63764 0.000101
3340 2e-06
49033 5.9e-05
13789 1e-05
15839 8e-06
89873 1.7e-05
0 5e-06
79554 1e-06
73044 2e-06
11467 1.5e-05
10672 2e-06
23867 6e-05
36394 1.9e-05
32961 8e-06
0 4e-06
21060 3e-06
19837 1.4e-05
0 3e-06
732 2e-06
85333 4e-06
40938 1e-06
111816 0.000113
63237 0.000103
0 3e-06
18650 1e-06
53090 5e-06
11421 1e-06
171259 7.3e-05
22777 3e-06
20787 2.4e-05
61058 3.5e-05
29987 1.8e-05
86315 1.2e-05
52171 6.1e-05
8673 5e-06
0 3e-06
46940 2e-05
0 0
110568 1.8e-05
3472 3e-06
14962 9e-06
0 5e-06
0 0
16680 1e-06
63055 1.6e-05
223 3e-06
31046 9e-06
90796 0.000118
29910 7e-06
0 3e-06
26246 7e-05
28355 0.000141
56693 6.3e-05
23403 0.000195
32454 3e-06
62066 9e-06
7490 6e-06
0 5e-06
26187 7.2e-05
0 1e-05
0 0
14266 1.6e-05
7952 1.3e-05
63314 0.000388
77644 2.1e-05
30800 1e-05
209026 8.5e-05
204 7e-06
0 1e-06
23765 9e-06
0 1e-06
150622 0.000105
0 2e-06
13378 4.6e-05
14556 9e-06
0 1e-06
4694 1e-06
31766 6e-06
2896 4e-06
102908 1e-05
0 3e-06
121327 1.4e-05
5728 3e-06
35558 2e-06
186578 5.5e-05
0 7e-06
0 0
0 2e-06
22341 2e-06
27985 2.2e-05
0 0
9987 2.1e-05
84937 5e-06
35830 1e-06
0 4e-06
29468 3.4e-05
39641 2e-05
42017 1.3e-05
48305 5e-06
8762 5e-06
81905 6e-06
159867 3.3e-05
56179 1.6e-05
15936 3e-06
19653 8e-06
2268 4e-06
22523 6e-06
11955 7e-05
4522 2e-06
6590 7e-06
39634 0.000192
33896 2e-06
65048 0.000197
24593 4e-06
22363 1.7e-05
57259 2.5e-05
83703 0.000134
0 1e-06
43780 4e-06
107696 1.4e-05
53770 5e-05
92640 0.000228
32108 6.6e-05
0 3e-06
96996 8e-06
0 1e-06
0 2e-06
102293 3.3e-05
461 4e-06
32796 1.2e-05
19146 8e-06
3716 1e-06
20127 3.1e-05
39020 2e-06
117548 3.5e-05
23930 0.000428
11034 7e-06
0 6e-06
0 5e-06
27244 3e-06
109815 0.000121
95288 5.4e-05
43633 8e-06
46067 6e-06
2926 9e-06
25627 2.3e-05
40289 4.2e-05
22968 3e-06
2835 5e-06
69464 3e-06
24247 2e-06
38200 5.1e-05
0 0
73565 7e-06
0 2e-06
23810 1e-06
0 0
0 0
40310 2.1e-05
15219 2.5e-05
19173 1e-06
48686 1e-06
73452 0.000205
0 2e-06
70627 7.8e-05
103444 1.1e-05
10296 9e-06
42935 2.2e-05
116462 0.000121
19878 5.1e-05
25338 0.000119
0 1e-06
79335 5e-06
113888 3.9e-05
17463 1.3e-05
1614 6e-06
0 4e-06
25233 1e-06
0 0
80890 1.2e-05
4755 5e-06
17633 1.4e-05
53194 4e-05
126198 6e-05
19826 1.1e-05
107599 0.00012
0 1e-06
14900 5.5e-05
13329 1.9e-05
15674 7e-06
178703 3e-06
31607 2e-05
30672 0.000559
25566 2e-06
17112 4.9e-05
14420 2.3e-05
142033 0.000441
153112 5.6e-05
0 1e-06
0 5e-06
79970 2.3e-05
0 4e-06
97015 6.5e-05
70060 6.5e-05
22137 5e-06
0 2e-06
0 6e-06
2856 1.5e-05
34961 6e-06
46300 2.9e-05
21503 1.5e-05
12940 2.1e-05
0 1e-06
63831 4e-06
19419 2e-06
0 0
171627 3.1e-05
0 3e-06
7724 2.4e-05
0 2e-06
0 5e-06
57860 4e-06
59178 0.000189
34212 3e-06
63931 4e-05
1694 2e-06
2134 6e-06
0 0
15029 1.1e-05
9300 1e-06
0 2e-06
112568 4e-06
0 1e-06
125952 5.1e-05
58655 4e-05
143468 2.3e-05
103803 1e-06
167131 7.3e-05
108908 4.7e-05
58144 2e-06
4623 3e-06
0 2e-06
22654 9e-06
17348 1.5e-05
5351 9e-06
24741 4.3e-05
24855 1.4e-05
53094 3.1e-05
60097 2.4e-05
78884 8e-06
0 0
39132 2.4e-05
0 2e-06
30057 7.6e-05
83243 3e-06
0 3e-06
39332 1.8e-05
22152 4e-06
187512 4.7e-05
21617 4e-06
0 8e-06
0 1e-06
30060 2e-06
72 3e-06
54961 2e-06
10754 1.6e-05
0 2e-06
109348 8.7e-05
28556 2.7e-05
26671 2e-06
64104 7e-05
0 2e-06
58779 8.4e-05
89608 2.2e-05
29583 0.00027
96000 2e-06
37965 5.4e-05
44787 0.000121
29148 4e-06
31474 1.6e-05
10823 2e-06
23550 0.000298
0 2e-06
5972 2e-06
11625 4.7e-05
9077 2.2e-05
42200 1.2e-05
14 7e-06
13896 9e-06
3715 1.4e-05
19711 2e-05
676 3e-06
16689 3e-06
0 1e-06
0 5e-06
0 1e-06
64430 1.9e-05
142159 9.7e-05
6507 6e-06
53164 5.5e-05
17722 2.7e-05
25027 3e-06
177542 6.3e-05
27238 1e-05
63037 2.7e-05
134470 4.7e-05
70231 3.1e-05
134966 5.8e-05
21191 8e-06
69125 2e-06
51752 0.000184
27756 2e-06
9809 5e-06
11239 2e-06
113640 0.000102
29326 0.000516
0 2e-06
40120 6.1e-05
22517 1.4e-05
29692 3.7e-05
118280 1e-05
0 3e-06
110987 5.3e-05
21206 9e-06
46143 8.7e-05
16616 1e-05
0 1e-06
3231 1e-05
108178 1.7e-05
22910 1.3e-05
25261 8e-06
31011 1.9e-05
507 5e-06
30953 7e-06
51873 3e-06
45538 4e-06
13394 8e-06
41475 5e-05
15322 2e-06
28731 3.3e-05
9603 7e-06
0 0
76749 0.00011
0 1e-06
0 0
59061 5e-06
18633 1.5e-05
8636 1.3e-05
60500 2.9e-05
31141 4e-06
45851 1.8e-05
0 5e-06
0 0
135353 1e-06
22340 1.3e-05
140396 2.3e-05
35598 2.4e-05
1182 1.5e-05
0 3e-06
45264 4.1e-05
82358 7.3e-05
29790 7e-06
30194 0.000122
0 1.4e-05
17270 1e-06
10296 6e-06
0 1e-06
4492 3e-06
0 2.4e-05
58630 0
41728 3.2e-05
0 2e-06
2994 1e-05
86633 5e-05
0 2e-06
2802 9e-06
20139 7e-06
7818 3e-06
75358 1e-05
98870 3.3e-05
160212 2e-06
30495 1.4e-05
18369 6e-06
17040 2.8e-05
30700 3e-06
72829 8e-06
24402 1e-06
23166 3e-06
10928 1e-06
33724 2e-06
8530 1e-06
86554 1.3e-05
3232 3e-06
0 0
96568 2e-06
57139 1.1e-05
0 4e-06
78666 1e-05
21778 2e-06
217 4e-06
45786 1.1e-05
108204 3.3e-05
9168 4e-06
0 0
0 1e-06
30966 2e-06
45450 6e-06
52020 6.3e-05
19390 1e-06
88226 2.8e-05
22908 2.1e-05
110512 1.3e-05
0 2e-06
31756 4.1e-05
27832 1.3e-05
27079 2e-06
15114 1.6e-05
0 0
111939 3e-06
87183 6.8e-05
37302 6e-06
663 4e-06
93549 5.5e-05
0 0
18536 2e-06
68739 7e-06
27930 3e-06
13779 3e-06
32518 2e-06
6242 2e-06
105424 1.8e-05
17299 8e-06
20975 4e-06
79817 5e-06
12138 5e-06
44 5e-06
5824 1e-06
21279 4e-06
0 6e-06
7188 0
117739 1.3e-05
54546 3e-06
165017 3e-05
7926 3e-06
31420 0.00014
31260 1.9e-05
0 1e-06
0 3e-06
0 4e-06
5523 1e-06
30362 1e-06
23990 1.3e-05
32866 4e-05
35402 1.6e-05
58692 0.000192
7726 4e-06
68931 3.6e-05
2098 1e-06
119406 3.2e-05
0 2e-06
72911 3e-06
0 1e-06
59014 4.8e-05
6580 2e-06
21566 9.7e-05
26790 1e-06
99141 5e-05
51402 4.3e-05
3972 1e-05
14748 6e-06
46963 3e-06
0 1e-06
6695 1e-06
0 0
71920 1.8e-05
35494 4e-06
73942 7.9e-05
22305 0.00049
14710 1.5e-05
81129 0.00044
5540 4e-06
63945 1e-06
110191 2.4e-05
134105 3.4e-05
30411 1e-06
29758 1.7e-05
5337 5e-06
153920 2e-06
5154 2e-06
21200 3e-06
193502 4.9e-05
33354 7.4e-05
65051 5.4e-05
76818 2e-06
55937 1.9e-05
0 4e-06
75395 1.1e-05
58112 2e-06
21868 3.5e-05
0 0
0 1e-06
28189 9e-06
36897 8e-06
3456 4e-06
0 0
31897 4e-06
130905 1.9e-05
0 3e-06
23402 4e-06
0 2e-06
179080 4.3e-05
6580 4e-06
61114 7.5e-05
3474 3e-06
26538 4.7e-05
28872 1e-06
17324 1e-06
100607 8e-05
29072 3.2e-05
189142 0.000194
95380 3.5e-05
36249 1.1e-05
90786 4e-06
163828 5e-06
0 2e-06
42734 2.1e-05
63228 1e-06
36253 5.4e-05
0 2e-06
57556 4e-06
106586 4.9e-05
30321 1.2e-05
76726 4e-06
0 4e-06
34304 1.3e-05
0 0
25558 1e-06
24494 4e-06
74009 1.7e-05
17796 1e-05
0 2e-06
14251 3e-06
21556 3.1e-05
151564 1.9e-05
108908 8e-06
8578 1.7e-05
21607 1.3e-05
0 5e-06
36186 3.2e-05
11906 2e-06
0 1e-06
9432 5e-06
7399 1.2e-05
2289 3e-06
0 1e-06
24305 3.2e-05
168910 1.9e-05
0 2e-06
58524 3.4e-05
0 2e-06
37425 3.6e-05
41356 2.2e-05
51876 0.000107
0 4e-06
136035 1.8e-05
106414 5e-06
68583 3.9e-05
25291 3e-06
92895 8.2e-05
44611 8.6e-05
173799 5.7e-05
0 1e-06
56510 0.000202
175320 4.8e-05
0 5e-06
7094 2e-06
1065 6e-06
86879 6e-06
52696 0.000103
20094 8e-06
65608 3.8e-05
5200 3e-06
27480 1.7e-05
35274 1e-06
20823 1e-05
179004 7.9e-05
53413 0.000145
30792 1.9e-05
10406 2e-06
35242 1e-06
35077 1.4e-05
45736 2e-05
60135 8e-06
30242 4e-06
4916 5e-06
27213 1.8e-05
38250 3e-06
0 2e-06
28233 0.000715
218827 4.1e-05
7601 4e-06
7979 5e-06
5938 1.8e-05
73007 9e-06
23200 7.3e-05
34779 4.1e-05
26295 5.4e-05
27429 3e-06
61680 3.6e-05
11473 2.8e-05
12980 2e-06
0 0
0 9e-06
19333 2e-05
0 4e-06
35406 0.000103
14685 3e-06
21122 1e-06
115863 1.3e-05
56805 1.2e-05
7212 6.5e-05
81009 1.7e-05
158469 3.6e-05
36695 4e-06
109389 1.6e-05
99530 2e-06
134133 4.1e-05
43448 0.000177
18348 6e-06
5924 1.9e-05
0 2e-06
64741 8e-06
0 0
42135 2.5e-05
24060 1.3e-05
69135 2e-06
0 4e-06
0 0
55590 4e-06
37114 8e-06
0 0
98624 6.7e-05
3120 5e-06
124655 9.5e-05
0 7e-06
41687 9e-06
19231 1e-06
90550 5e-06
0 0
49202 4.5e-05
116 7e-06
104401 0.000103
158928 8e-06
37461 4.7e-05
120635 2.7e-05
11068 1.6e-05
59744 1.3e-05
164621 5.4e-05
9460 5e-06
10981 2.7e-05
45515 4e-06
23788 1e-06
111222 3e-06
6372 8e-06
5288 7e-06
29678 0.000517
6649 3e-06
52337 1.4e-05
25132 2.8e-05
77281 2e-06
0 1e-06
0 0
35658 8e-06
14689 1e-06
106214 3e-06
17938 6e-06
143349 0.000335
39500 1.7e-05
172080 0.000152
59553 2e-05
54081 1e-06
121960 8e-06
19472 7e-06
20386 2.6e-05
0 1e-06
0 0
74580 6e-06
998 4e-06
14013 1.2e-05
126697 1.2e-05
2015 0
135084 2e-06
19236 1.6e-05
883 3e-06
60481 3e-06
20758 5e-06
16000 3e-06
70662 3.7e-05
82831 1.5e-05
59530 1e-06
49666 2e-05
33303 2e-06
0 0
73480 3e-06
0 4e-06
78922 2.1e-05
29999 1.3e-05
29720 3e-06
4386 1.9e-05
0 5e-06
99606 1.1e-05
28098 1e-06
28896 3.1e-05
0 1e-06
21972 2e-06
73621 2.3e-05
28683 0.000109
14290 1e-05
60720 1.9e-05
0 2e-06
19703 2.5e-05
0 0
102528 0.00039
3657 2e-06
0 0
21323 3e-06
24899 8e-06
77627 4e-06
41199 4.4e-05
36442 7.5e-05
126972 4.5e-05
63710 0.000264
40426 2.5e-05
6737 1e-06
13002 3.2e-05
63358 2.2e-05
14478 1.3e-05
0 0
0 5e-06
0 3e-06
143562 0.000216
27628 0.000275
54929 5e-06
17860 1e-06
8296 7e-06
0 2e-06
4860 1e-06
79484 4e-06
0 7e-06
83026 5.6e-05
36795 2e-06
95936 2.6e-05
0 0
0 2e-06
3569 2e-06
162896 4.1e-05
43690 3.4e-05
0 1e-06
0 3e-06
70635 3.8e-05
104 1.2e-05
0 4e-06
34710 2.3e-05
52414 1.8e-05
22884 2.2e-05
14034 2e-06
10281 4e-06
0 1e-06
12189 2e-06
0 1e-06
23455 3e-06
50955 1.5e-05
3048 2e-06
82410 1.1e-05
45285 5e-06
107242 1.4e-05
44033 1.6e-05
9740 2e-06
90490 1.8e-05
0 1e-06
83588 1e-06
30258 0.002517
40832 2.6e-05
153074 6e-06
24143 4.2e-05
64998 0.000959
5904 6e-06
0 3e-06
137808 3.1e-05
143975 7.6e-05
9 1e-06
53415 3e-06
67632 2e-05
23440 1e-06
0 3e-06
0 2e-06
0 4e-06
59666 0.000679
3826 1.5e-05
0 2e-06
101745 4.7e-05
0 1e-06
0 0
7532 2e-06
20852 1.8e-05
27570 1e-06
121126 2.4e-05
40109 2.1e-05
63771 7.2e-05
22856 3.2e-05
4676 1e-06
74103 6.3e-05
0 1e-06
23488 9e-06
33625 9e-06
1012 3e-06
53910 3.7e-05
101666 1.9e-05
1345 5e-06
0 5e-06
0 3e-06
106446 6.2e-05
51286 0.000187
38809 1.8e-05
16157 4e-06
96011 1.2e-05
127137 1.1e-05
2337 1.1e-05
132622 6.3e-05
154077 7.7e-05
10573 2.2e-05
0 0
13509 1e-05
156845 1e-05
4212 9e-06
176008 0.00018
21028 1.5e-05
178669 1.3e-05
0 2e-06
0 2e-06
88575 5.6e-05
0 1e-06
128520 0.000382
173205 0.000783
74818 8e-05
31080 1e-06
104052 1.5e-05
8596 1.4e-05
0 3e-06
0 1e-06
136587 2.9e-05
64284 1e-06
61632 8e-06
19684 1e-06
56032 3e-06
143278 2.9e-05
13792 4e-06
24665 6.1e-05
19957 4.7e-05
24004 1.5e-05
33724 1.9e-05
0 2e-06
33375 2.1e-05
45644 8e-06
0 3e-06
34415 5e-06
0 4e-06
20184 2e-06
58758 1.5e-05
0 0
26875 0.000303
0 3e-06
152294 5e-06
17724 2e-06
0 2e-06
0 8e-06
23808 1.3e-05
113973 1.4e-05
3474 4e-06
0 3e-06
16466 2e-06
5678 1e-05
27456 6.8e-05
1919 5e-06
58754 7.4e-05
52604 7e-06
109830 1.2e-05
41452 8e-06
65501 0.000114
7544 8e-06
39358 6.8e-05
18990 2e-06
0 2e-06
16508 9e-06
10933 2.8e-05
33732 2e-06
0 1e-06
25756 2.2e-05
54517 1.4e-05
26538 2.7e-05
24104 4e-06
0 2e-06
0 2e-06
34380 2e-06
22100 2e-06
79821 1e-06
29226 6e-06
104770 5.9e-05
13410 1.1e-05
133098 7.5e-05
16744 2e-06
147755 5e-06
2863 4e-06
30630 5.4e-05
11308 2.9e-05
26697 2.1e-05
28738 7e-06
0 3e-06
92546 6.2e-05
145133 2e-06
2065 3e-06
29777 6.7e-05
26247 3e-06
145449 1.1e-05
36195 5e-06
0 0
23065 4.3e-05
162078 4.9e-05
128737 4e-06
0 2e-06
65210 1.2e-05
4900 2e-06
0 1e-06
0 1e-06
90923 1.2e-05
143397 1.5e-05
18579 1.8e-05
42483 2e-06
0 3e-06
0 2e-06
6014 3e-06
70225 1.5e-05
30520 4e-06
166246 0.000127
637 4e-06
72100 6e-05
0 2e-06
156486 1.6e-05
4230 1e-06
1148 1.2e-05
77432 5.1e-05
0 2e-06
0 5e-06
143242 4.5e-05
12273 1.6e-05
5414 7e-06
0 4e-06
0 2e-06
0 0
24576 8.2e-05
16955 6e-06
15969 6e-06
43832 1.1e-05
4487 1e-06
10683 1.8e-05
57096 1.9e-05
176438 0.000117
0 0
37526 4e-06
76394 8e-06
18673 2.9e-05
75887 2.2e-05
16144 1e-06
53595 3e-06
0 1e-06
16544 5e-06
0 3e-06
23977 4e-06
65808 5.3e-05
91903 1.7e-05
25623 1.7e-05
4017 5e-06
2983 3e-06
4604 2e-06
20643 3e-06
73984 6e-06
0 3e-06
0 0
101922 2.7e-05
0 0
47083 7e-06
112728 3.2e-05
0 5e-06
0 0
30912 1.7e-05
34863 4.7e-05
29599 0.00065
34378 3e-06
0 0
5634 5e-06
0 0
70032 2.6e-05
38150 1.6e-05
4242 1e-05
13484 3.1e-05
0 0
0 1e-06
107619 5.7e-05
0 2e-06
47208 1.3e-05
94190 9e-06
23764 2.2e-05
10903 1.1e-05
39978 2.3e-05
50556 3.3e-05
11637 1e-06
0 0
492 4e-06
27885 5e-06
74986 3e-06
0 1e-06
31630 3.3e-05
48931 1.2e-05
0 1e-06
6280 4e-06
67047 1e-06
0 1e-06
90996 4e-06
46451 1.3e-05
110442 2e-06
22013 7e-06
18481 1.1e-05
0 4e-06
16300 3.7e-05
38202 3.3e-05
177049 0.00034
4214 4e-06
23253 9.3e-05
44040 1e-05
90980 0.000128
29790 9e-06
33282 4.7e-05
28707 5e-06
76023 1.3e-05
24996 3.6e-05
96988 4.2e-05
27504 2.3e-05
62638 3e-06
55844 3.6e-05
207483 0.000325
20124 0.000188
60624 3.1e-05
21243 1e-05
72781 3e-05
94090 5e-06
71503 5.6e-05
107606 2e-06
9339 1.1e-05
3127 1.2e-05
172106 8.7e-05
10181 5.1e-05
30 5e-06
61542 7.7e-05
26921 2e-06
27592 2e-06
25486 4.2e-05
28005 1.7e-05
18686 8e-06
0 3e-06
0 2e-06
168906 6e-06
38878 3e-05
945 3e-06
34360 3e-06
40948 3.3e-05
0 1e-06
2292 2e-06
5704 1.5e-05
17481 4.9e-05
40988 5.1e-05
146248 1e-05
7658 1e-05
17625 5e-06
32589 6.5e-05
83018 1.1e-05
101040 8.1e-05
4409 3e-06
120660 4.1e-05
27222 2e-05
55750 7.6e-05
58605 0.00042
0 2e-06
19036 8.1e-05
3079 2e-06
52701 3e-06
58458 2.9e-05
18994 9e-06
110221 6.8e-05
0 1e-06
97672 0.000147
122448 6e-06
102331 0.000284
6999 5e-06
992 1e-06
11678 1e-06
9768 2e-06
0 1e-06
54669 2.5e-05
76048 9.9e-05
0 0
36695 8e-06
27864 0.000182
83020 0.000153
41313 1.5e-05
166073 9e-06
21434 8e-06
25476 1.7e-05
41575 3e-06
99356 5.5e-05
11923 6e-06
51885 1e-05
1804 1e-06
48263 2.8e-05
21656 2e-06
0 1e-06
0 0
106694 1.3e-05
47649 3.1e-05
24946 4e-06
0 4e-06
12099 9e-06
61001 0.000357
0 0
47778 1.5e-05
0 2e-06
56334 8.8e-05
19365 1.6e-05
106558 4e-06
57334 1.7e-05
22122 7e-06
21834 2e-06
73413 5e-06
27619 8e-06
104230 7e-06
0 1e-06
136711 1.6e-05
0 4e-06
18168 3e-06
0 1e-06
0 3e-06
0 0
0 4e-06
22818 4e-06
41680 4.7e-05
8086 7e-06
90374 2.6e-05
0 2e-06
0 5e-06
15765 1e-06
8699 2e-06
77379 1.8e-05
2406 1e-06
0 1e-06
161735 3.4e-05
70435 1e-06
29017 4e-06
55468 4e-06
7080 1e-05
54766 3.3e-05
25524 1.7e-05
9244 9e-06
109984 2e-05
19176 2.5e-05
0 1e-06
5794 3e-06
3076 4e-06
246 2e-06
106056 3e-06
97436 8e-06
14963 9e-06
5834 1.3e-05
98770 1e-06
14140 1e-06
7047 1.1e-05
0 0
12460 1.2e-05
143210 7e-06
36306 1e-06
67444 6e-06
0 1e-06
108927 0.001319
20246 0.000122
74573 3.8e-05
83043 1.2e-05
3924 1e-06
0 2e-06
48240 2.4e-05
40145 1.7e-05
5590 6e-06
0 0
11489 6.9e-05
60818 7.7e-05
63714 9e-06
8714 1e-06
70599 1e-05
13143 5.2e-05
132494 6.2e-05
24220 3.2e-05
28836 2.8e-05
49799 6e-06
136034 3.2e-05
42793 5.6e-05
0 4e-06
14277 2e-06
8346 9e-06
8656 1e-06
47303 0.000162
9780 9e-06
43596 1e-06
94223 7.8e-05
0 2e-06
40886 0.000115
50918 1e-06
58662 0.000126
0 0
0 2e-06
107009 3e-06
98698 9.8e-05
85110 0.000153
47054 5e-06
22941 0.000151
6473 1.9e-05
27547 2.3e-05
66306 8.3e-05
0 1e-06
0 6e-06
13658 2e-06
0 1e-06
103860 5e-06
25226 2e-06
48729 0.000133
55816 1e-05
13068 0.000103
0 2e-06
142994 1.6e-05
6171 1.3e-05
23202 3.5e-05
10293 8e-06
134376 1.9e-05
46004 2.1e-05
14056 2e-06
9890 1.7e-05
0 4e-06
3183 3e-06
98463 1.1e-05
36092 1.8e-05
130848 4e-05
0 2e-06
0 0
25388 1.3e-05
29592 1e-06
18794 3e-06
12536 1.2e-05
0 1e-06
0 0
21057 9e-06
0 0
0 0
20558 5e-06
11369 1e-06
88984 8.6e-05
6848 3e-06
176369 0.000463
50791 3.6e-05
25800 1e-06
34611 3e-06
0 2e-06
1759 6e-06
9603 5e-06
59710 8e-06
22776 2e-06
81708 1.3e-05
7355 8e-06
22807 2e-06
14920 4.1e-05
10703 2e-06
0 2e-06
6752 1e-05
49879 2.9e-05
4975 7e-06
160761 0.000134
0 0
5375 1.1e-05
33284 3.3e-05
3072 6e-06
10374 1.4e-05
50492 3.1e-05
91725 1.7e-05
15885 2e-06
0 7e-06
82414 5.1e-05
9796 2e-06
0 4e-06
112488 5e-06
161457 7.1e-05
34381 3.7e-05
61726 0.00012
187506 9.8e-05
29464 1.7e-05
20686 2e-06
2472 1.2e-05
65044 1e-06
0 1e-06
0 0
206025 9.4e-05
9604 4.3e-05
0 4e-06
29973 8e-05
11422 2e-06
0 6e-06
106474 6e-05
11710 2e-06
80880 1.2e-05
53341 4.1e-05
75947 1.8e-05
63648 2e-06
145161 3e-06
117646 7e-05
41837 0.000359
21079 9e-06
36143 3e-06
0 1e-06
30446 0.000249
5436 6e-06
31819 4e-06
2394 8e-06
15742 3e-06
0 1e-06
42718 1.6e-05
66796 1.2e-05
0 2e-06
8604 1.7e-05
112036 2.3e-05
91220 3.2e-05
0 6e-06
0 0
20897 4.7e-05
28423 5e-06
6415 4e-06
74865 9e-06
0 3e-06
118739 3e-05
46643 3.8e-05
133477 0.000294
4680 2.9e-05
52996 1.1e-05
104374 0.000104
88399 1e-06
58889 3.9e-05
66620 2.7e-05
19416 7e-06
25238 5e-06
0 2e-06
113490 2.6e-05
82792 2.2e-05
53612 2.9e-05
31505 6e-06
28016 6.3e-05
0 2e-06
1068 6e-06
0 1e-06
43109 2e-06
53212 2.4e-05
58076 2.1e-05
0 4e-06
16384 1e-06
7056 6e-06
52888 2e-06
0 2e-06
26693 3.2e-05
18444 3e-06
31279 2e-06
41612 1e-06
0 4e-06
19500 0.000183
48736 6e-06
0 1e-06
22782 1.2e-05
56355 2.7e-05
0 0
195189 0.000199
82308 1.3e-05
2193 4e-06
2238 8e-06
32298 1.1e-05
14595 1.6e-05
437 2e-06
6243 3.5e-05
36226 2.3e-05
64538 3.5e-05
74173 6.1e-05
0 2e-06
56700 2e-05
1497 2e-06
88701 2.4e-05
92887 2.4e-05
10968 9e-06
52927 8e-06
76430 4e-06
87841 1.4e-05
38880 7.9e-05
0 1e-06
21650 3e-06
25630 3.3e-05
65196 8e-06
31845 1e-05
16150 9e-06
6277 3e-06
47301 1e-05
0 1e-06
26146 4.1e-05
10862 2e-06
83037 6e-06
9756 4e-06
18340 3e-06
24149 9e-06
27187 6e-06
56853 2.8e-05
51129 2.7e-05
65245 5.7e-05
13999 1e-05
22886 0.000361
49762 0.000131
70730 3.9e-05
44129 1.7e-05
29940 1e-06
105866 2.9e-05
17748 0.000104
154067 3.7e-05
68984 1.1e-05
12090 9e-06
23666 3e-06
88182 0.000192
0 1e-06
25239 3e-06
1035 1e-06
18690 8e-06
2368 2e-06
69732 8.3e-05
199646 4e-05
31480 7e-05
75376 5e-05
0 1e-06
26488 1.6e-05
72480 1.3e-05
0 0
27789 1.9e-05
0 3e-06
78819 0.000281
16688 4e-06
142896 3.4e-05
1918 1e-06
52589 1.7e-05
40438 0.000338
34866 2.4e-05
86500 6e-06
54222 3.2e-05
0 5e-06
16671 4e-06
21421 5.5e-05
0 1e-06
24452 2e-06
11550 1.1e-05
69554 4.5e-05
45228 1e-05
72223 1.1e-05
32490 1.7e-05
0 4e-06
0 1e-06
18549 1.9e-05
0 2e-06
31015 8e-06
30781 2e-06
0 1e-06
55927 2e-05
53696 1.1e-05
57272 0.000109
0 1e-06
83562 2e-06
4897 9e-06
51424 1.8e-05
0 0
39933 1.4e-05
134519 0.000526
27837 1.7e-05
14881 8e-06
94383 2.1e-05
122147 3e-06
31515 4e-06
157994 0.000285
0 1e-06
39466 1.9e-05
0 0
39422 2.8e-05
5132 2e-06
48832 1e-06
136100 3.4e-05
0 2e-06
0 2e-06
33143 1.2e-05
7020 2e-06
736 1.4e-05
0 1e-06
78248 3e-05
25167 2.1e-05
0 2e-06
28976 2.4e-05
9957 5e-06
66392 0.000129
52620 9e-06
36196 1.2e-05
70851 3e-05
6135 1.6e-05
1616 1e-06
68457 8e-06
20150 1.1e-05
27057 4.4e-05
2858 6e-06
0 1e-06
34494 6e-05
104505 8e-06
30193 1e-05
5633 5e-06
56083 9e-06
3920 6e-06
152467 6.6e-05
58117 0.000227
23042 6e-06
40068 8e-06
0 6e-06
53144 1e-06
28692 1e-06
23236 1.5e-05
134821 3.1e-05
29274 2e-06
9720 5e-06
104334 0.000123
72833 1.1e-05
74475 0.000177
73556 3e-06
3481 2e-06
32338 1.2e-05
89673 6.9e-05
38416 4e-06
32827 6e-06
59154 1e-06
60480 1e-06
41398 1.9e-05
35264 1e-06
34145 9e-06
65159 3.4e-05
6606 2.1e-05
23995 1e-06
0 1e-06
84282 8e-06
89815 5e-06
21574 1.7e-05
0 0
23370 1.8e-05
32491 3.3e-05
0 2e-06
48646 3.7e-05
0 2e-06
0 4e-06
16800 2.6e-05
80372 2.2e-05
11264 2e-06
769 2e-06
36774 4e-06
39367 1.6e-05
16096 9e-06
40735 1.7e-05
16446 1.5e-05
93984 4.8e-05
2556 1e-06
57648 5.1e-05
0 4e-06
1436 4e-06
28094 0.000181
126550 3.5e-05
0 1e-06
48218 3.9e-05
84287 0.000106
50966 2e-06
31398 1.4e-05
31813 0.000122
29576 2e-06
19534 0.000106
138493 1e-05
0 1e-06
0 4e-06
59772 7.2e-05
0 2e-06
3700 4e-06
161388 3.2e-05
93872 1e-06
20462 5.2e-05
135991 3.1e-05
13594 1e-06
96324 1.2e-05
24125 1.6e-05
22656 1.5e-05
10693 1e-05
72220 2e-06
9426 5.8e-05
49212 2e-06
73749 5e-06
37041 1.1e-05
0 0
131882 2.2e-05
0 0
17351 1.9e-05
24850 1.6e-05
55737 3e-06
139404 7e-06
4167 4e-06
52317 1.9e-05
16061 1.2e-05
5488 6e-06
5464 1e-05
133278 6e-06
58190 2e-06
8351 9e-06
61293 3e-06
43351 4e-06
0 1e-06
75746 2e-05
86402 5e-05
0 1e-06
8181 2e-06
24695 4e-06
6159 1.4e-05
23694 2.1e-05
21764 4e-06
57233 0.000161
113935 6.1e-05
63503 0.000137
57980 7e-06
55825 5e-06
47617 3.2e-05
23842 0
100508 7.2e-05
46244 2.1e-05
47718 1.4e-05
114169 6e-06
132085 5.6e-05
84411 4e-05
113528 0.000154
85894 2e-06
114908 1.1e-05
14425 1.3e-05
37520 2.7e-05
0 2e-06
10151 3.4e-05
17275 4.6e-05
55370 8e-06
93647 7.1e-05
0 0
0 3e-06
31955 3.1e-05
0 4e-06
92743 9e-06
78857 2e-06
25132 1e-06
78585 1e-05
64342 0.000154
22928 6.4e-05
0 0
72057 1.9e-05
20563 1e-06
53831 1.6e-05
75150 3.2e-05
43090 2.1e-05
31312 8e-06
0 0
62417 5e-06
12959 1.1e-05
97159 4e-06
154103 1.4e-05
4312 3e-06
90553 6.2e-05
13707 1e-06
13132 3e-06
50548 1.8e-05
97535 6e-06
82647 1.3e-05
13988 1.5e-05
17641 1.2e-05
0 0
12716 8e-06
28332 0
52791 6.1e-05
8980 9e-06
66104 1.8e-05
10471 2e-06
60933 0.000353
0 1e-06
0 0
27337 7.7e-05
195976 0.000168
35160 3e-06
74581 1e-06
67815 6.4e-05
0 1e-06
63891 3e-06
0 3e-06
0 1e-06
5703 2e-06
11084 2e-06
127284 1.3e-05
133068 0.000157
9551 1e-06
0 3e-06
12716 1.1e-05
0 0
105739 1.7e-05
67550 0.000263
111072 0.000207
226 6e-06
177111 0.00021
42934 1e-06
8148 2.5e-05
44588 1.3e-05
103702 6e-06
136800 6.8e-05
51580 5.3e-05
27985 1.1e-05
63846 0.000171
66293 3e-06
108089 0.000185
38102 1e-06
2284 3e-06
93989 2.1e-05
10204 2.1e-05
14806 3e-06
9422 1.9e-05
3932 1.8e-05
118626 9e-06
56238 0.000215
57839 3e-06
11386 3e-06
1644 1e-05
175335 4e-05
11248 3e-06
36043 2.5e-05
0 1e-06
6932 7e-06
135002 1.1e-05
27565 4.1e-05
126076 5.8e-05
42932 2.3e-05
89479 3.4e-05
62994 3.8e-05
0 0
14872 3e-06
18082 2e-05
2656 4e-06
0 5e-06
32567 5e-06
124847 2.9e-05
46872 1e-06
17272 1.1e-05
0 0
42521 1.1e-05
112498 4.4e-05
2894 2e-05
21714 2.4e-05
103539 4.3e-05
59799 0.000427
128264 3e-06
12044 6e-06
25089 4e-06
1580 3e-06
0 2e-06
123858 1e-05
43392 5.5e-05
2388 4e-06
73335 4.3e-05
719 1.9e-05
93587 0.000535
15188 1.6e-05
51555 0.000151
103753 2.4e-05
79947 2.7e-05
26498 1.4e-05
234 5e-06
29685 0.000129
12919 1e-06
5996 2e-06
32441 1.1e-05
69455 1.6e-05
56630 5.3e-05
0 0
118406 8e-06
77571 0.000165
31649 9.5e-05
67588 1.2e-05
94736 6e-05
0 6e-06
21987 0.000241
13794 2e-05
2682 1.6e-05
36570 2e-06
25836 6e-05
6721 6e-06
92600 2e-06
7610 1e-06
221879 3e-06
0 1e-06
0 3e-06
35181 1.5e-05
21876 4.7e-05
69598 5e-06
0 0
113256 1.4e-05
88664 3.9e-05
119652 0.000165
10332 9e-06
33131 1.1e-05
0 1e-06
149619 1.1e-05
6490 1e-05
117433 8e-06
17799 1e-06
1156 6e-06
36384 1.3e-05
15333 2.7e-05
2013 4e-06
28211 2.3e-05
61722 2.6e-05
56956 1.4e-05
52746 1.5e-05
0 0
35500 7e-06
52923 0.001231
0 0
0 4e-06
129471 2e-05
131074 3.9e-05
5407 5.5e-05
91959 7.6e-05
0 3e-06
16587 1.5e-05
63166 3.3e-05
12518 2.4e-05
30545 1e-06
38679 3e-06
10106 2e-06
0 6e-06
52560 4e-06
41145 1e-06
13624 1.9e-05
0 1e-06
264 1.6e-05
14120 3e-06
94992 2.8e-05
33276 2e-06
67417 0.000111
106456 4.5e-05
15430 1.4e-05
114166 1e-06
8721 1.7e-05
0 0
25374 3e-06
0 1e-06
90886 1.3e-05
91446 0.000114
40083 8.1e-05
80925 1e-06
0 1e-06
1158 6e-06
109115 9.5e-05
62675 9.6e-05
19825 2e-06
0 3e-06
80054 2.5e-05
6373 1e-06
16399 0
77522 5.1e-05
47372 1e-06
0 3e-06
110336 6.9e-05
156413 0.000138
94174 0.000558
4704 1.8e-05
12658 3e-06
42219 6e-06
32208 1.4e-05
35373 8e-06
82286 5.5e-05
105574 1e-06
64298 2.2e-05
0 1.2e-05
72345 1e-06
15234 1.7e-05
6301 1.7e-05
20181 1.4e-05
80670 2.8e-05
204217 3.8e-05
154239 0.000124
40476 1.6e-05
63201 2.8e-05
59373 1.8e-05
49543 1.9e-05
34778 4e-06
0 8e-06
43902 3e-05
126534 5e-06
145958 0.000105
108988 9.5e-05
80996 6e-06
1445 1e-06
12517 5e-06
0 0
17774 6e-06
8332 1e-06
2227 1.4e-05
166575 1.7e-05
53569 1.3e-05
0 6e-06
1310 3e-06
164380 0.000333
84130 7e-06
55328 4e-06
16550 2e-06
39785 2e-05
0 4e-06
0 2e-06
52731 2e-06
56479 2.9e-05
30238 2.1e-05
0 0
0 4e-06
21068 1.1e-05
17917 3e-06
66588 9.8e-05
0 1e-06
26970 1.1e-05
41288 5.3e-05
18010 5e-05
27114 2e-06
0 0
18150 2.9e-05
12499 1.2e-05
0 2e-06
139125 1.9e-05
67196 1e-06
80483 7e-06
78106 3.3e-05
25448 2e-06
143620 2.3e-05
1990 6e-06
0 0
16750 2e-06
64239 5e-06
0 4e-06
6241 1.6e-05
3700 5e-06
5098 1e-05
40590 4e-06
52177 2.5e-05
23724 3.1e-05
24388 6e-06
23604 2.5e-05
0 1e-06
10793 7e-06
56637 1e-06
25976 1.1e-05
24789 1e-06
15649 6e-06
0 4e-06
30824 1e-06
143642 3e-06
19633 1.9e-05
66711 4.3e-05
1497 1e-06
28930 0.000157
14998 2.4e-05
360 2e-06
74655 2.9e-05
69726 1.1e-05
74224 3.3e-05
18566 3e-06
0 1e-06
0 2e-06
29507 5.2e-05
0 0
34869 1e-06
0 3e-06
184702 9.7e-05
124 4e-06
34748 6e-06
25931 4e-06
0 0
121092 1.4e-05
81497 5.4e-05
0 5e-06
30701 2e-06
19326 3.9e-05
24409 7.3e-05
54412 1.9e-05
0 0
114126 0.000161
0 5e-06
99414 5e-06
16976 1.4e-05
146703 4e-06
81027 4e-06
613 1e-06
67650 1.8e-05
20439 6e-06
0 1e-06
64420 5e-06
64164 3.2e-05
171192 2.1e-05
34789 4.2e-05
15255 2.9e-05
139548 1e-05
24398 0.000101
12039 2.4e-05
0 7e-06
0 1e-06
6406 1.7e-05
508 2e-06
78002 5e-06
8834 1.3e-05
5572 1e-06
98 8e-06
12046 1e-06
27458 3e-06
0 2e-06
0 0
82674 8.6e-05
115680 8.1e-05
21411 1.7e-05
62514 2e-06
0 0
59425 4e-06
7155 2e-06
19087 4e-05
31998 3.3e-05
13114 4e-05
0 0
173982 1.6e-05
28879 7.8e-05
0 0
59956 3e-06
46564 1e-06
1588 9e-06
15912 1.4e-05
0 2e-06
24964 3e-06
88248 0.000214
0 0
5626 3.3e-05
15383 1.9e-05
0 2e-06
73204 4e-05
11174 6e-06
0 0
132674 0.000201
30988 4.8e-05
41495 1e-06
58279 3e-05
0 1e-06
21453 2e-06
0 5e-06
88969 1.2e-05
8072 3e-06
93554 2.8e-05
13056 3e-06
27675 0.000286
40859 3.4e-05
0 2e-06
0 0
32746 0.000227
17125 5e-06
102573 7e-06
0 0
46746 3e-06
0 1e-06
59416 2e-06
153419 4.5e-05
0 1e-06
0 2e-06
8947 1e-06
16054 5e-06
36250 2.1e-05
109584 8e-05
158016 5.9e-05
13707 2.7e-05
80694 2e-06
596 4e-06
24130 3e-06
93480 6.5e-05
84369 3e-06
147838 2e-05
108176 3.7e-05
5258 4e-06
5624 6e-06
4876 8e-06
121244 3e-06
47688 1e-06
39431 0.000116
169769 0.000208
14543 2.1e-05
17649 1.1e-05
11514 1.1e-05
40970 7e-06
10561 7e-06
49707 0.000342
6371 1e-06
18100 1e-05
18102 4e-06
0 3e-06
6950 9e-06
21789 2.5e-05
0 4e-06
18597 1.8e-05
135665 3e-06
0 1e-06
14092 3e-06
13900 3e-06
16305 2.3e-05
21092 8e-06
54016 4e-06
44696 1e-06
29700 0.00056
8826 1e-06
39903 4.8e-05
95449 5e-06
0 2e-06
119229 8e-06
0 1e-06
18413 5.9e-05
26192 2e-05
34978 3.2e-05
56097 0.000347
111173 1.9e-05
0 3e-06
0 6e-06
45884 1.7e-05
77800 3.5e-05
21275 1.5e-05
41668 1.6e-05
88506 2e-05
32820 4.5e-05
123348 2.3e-05
169452 6.8e-05
85967 3e-06
0 7e-06
80578 4.2e-05
150408 5.7e-05
0 0
13476 1.5e-05
0 1e-06
15282 0.000111
49791 3e-05
83716 2.3e-05
45118 1e-06
58416 2.7e-05
32368 1.4e-05
14074 8.8e-05
0 5e-06
7552 4e-06
0 1e-06
28810 6e-06
20218 2.7e-05
105578 0.000146
0 1e-06
0 2e-06
5023 1.1e-05
0 0
50795 3.7e-05
0 0
33330 0.000131
30236 0.000148
12558 6e-06
4700 2.7e-05
14284 1.1e-05
1099 3e-06
0 4e-06
85361 1.4e-05
14621 5e-06
58696 3e-05
48761 1.4e-05
41794 2.1e-05
32301 0.000524
107635 1.5e-05
41364 2e-06
310 8e-06
5989 2e-06
0 2e-06
21602 1e-06
23885 2.3e-05
156925 2e-06
168973 3.7e-05
39138 2.1e-05
0 0
130933 0.000154
20355 2.9e-05
29038 3e-06
74067 2.8e-05
8877 1e-06
6270 1e-06
43980 1.7e-05
3511 3e-06
16167 1.3e-05
51340 1e-06
152690 1.9e-05
51743 6e-06
0 2e-06
1350 3e-06
79459 4e-05
8335 2e-05
24124 2e-06
24315 9e-06
0 2e-06
24365 6e-06
0 1e-06
0 1e-06
23372 2.9e-05
78710 1e-06
151874 4e-06
37379 5.4e-05
71391 7.2e-05
69194 2.6e-05
63126 7.2e-05
24940 0.000105
47235 3e-06
5255 1.7e-05
544 5e-06
0 0
13865 7e-06
33674 1.6e-05
0 1e-06
6290 1.5e-05
0 0
74515 4.8e-05
19167 1.5e-05
29815 2.1e-05
147498 0.000115
138200 1e-06
7368 6e-06
19211 1.1e-05
0 4e-06
72525 4e-06
0 1e-06
11159 4e-06
4979 5e-06
0 2e-06
9780 2e-06
35604 1e-06
14200 8e-06
92475 5.4e-05
60162 5e-06
33676 3.2e-05
188495 3.4e-05
36224 8e-06
16818 1e-06
0 6e-06
0 6e-06
65785 1.1e-05
0 0
9113 1e-06
3000 1e-06
118896 4e-06
8 5e-06
627 3e-06
33302 1e-06
19108 1.1e-05
0 4e-06
43836 6.5e-05
0 1e-06
69468 4e-06
102747 0.000226
24012 2e-05
57081 8e-06
27198 3e-06
158857 1.2e-05
4676 2e-06
26687 3.5e-05
25149 0.000152
1536 1e-06
8699 1.4e-05
2495 1e-06
20784 1.6e-05
30064 2e-06
35459 5e-06
63591 1.3e-05
7770 2e-06
4396 5e-06
57720 1.2e-05
45070 1e-05
6111 3e-06
63019 0.000102
55654 5e-06
88260 2e-06
12807 7e-06
117406 4.3e-05
552 6e-06
0 1e-06
7842 0
15786 1e-06
2454 1e-06
54349 2.9e-05
17561 4e-06
21416 5.7e-05
5517 1e-06
8737 1.1e-05
9076 1e-05
0 2e-06
3460 2e-06
31579 0.000219
88500 1e-05
42954 1e-05
148529 3.4e-05
4872 1.3e-05
33688 1e-05
111552 3.7e-05
82261 2.4e-05
74013 1.2e-05
64640 3e-05
43969 3.2e-05
24602 3e-06
67320 3e-06
49907 2e-06
17428 1.6e-05
60882 1.8e-05
28340 2.2e-05
19534 3.5e-05
0 1e-06
106117 3.6e-05
42577 3.9e-05
28916 3e-06
0 1e-06
51 1e-06
23088 2.9e-05
72705 7.8e-05
2034 2.3e-05
160377 0.000116
13353 3e-06
147979 0.000101
10085 6e-06
15880 0.000104
57012 1.5e-05
52929 4e-06
0 1e-06
14591 1.8e-05
78183 6e-05
25005 1e-06
91723 3.3e-05
24614 1e-06
15349 2e-06
89418 1e-06
8648 3e-06
43917 5.9e-05
85525 0.000195
120438 6e-06
45152 2e-06
102019 2e-06
137509 6.3e-05
64684 6e-05
24346 3.1e-05
40523 8e-06
24495 2e-06
58292 2e-06
64518 4e-06
38913 3e-06
0 2e-06
9824 1.3e-05
11354 2e-05
123925 3e-05
7516 2e-06
19092 2.1e-05
0 4e-06
0 5e-06
38630 2.8e-05
23762 0
90739 0.000146
3268 5e-06
26544 7e-05
46206 6e-06
0 1e-06
99679 3e-06
88291 3.7e-05
3040 2e-06
51090 9.3e-05
10657 2e-06
71610 0.000139
134273 6.2e-05
121632 9e-06
58607 1.8e-05
946 4e-06
126498 0.001178
17597 1e-06
36868 1.2e-05
12012 3.3e-05
11777 1.2e-05
45299 0.000291
18662 5e-06
32556 5e-06
75688 2.3e-05
12416 1e-06
1303 1.3e-05
71453 4e-06
1860 1.4e-05
32780 7e-06
24892 6e-06
1737 1e-06
81977 1.1e-05
30131 3.2e-05
0 0
9333 1.8e-05
77157 3.1e-05
30973 6e-06
1208 6e-06
52642 1.5e-05
0 5e-06
0 1e-06
8589 1.2e-05
34836 1.7e-05
15247 1.1e-05
48857 4e-05
57757 3.7e-05
47178 6.2e-05
0 1e-06
28398 1.3e-05
758 2e-06
82518 6e-06
3670 3e-06
41125 4.8e-05
60881 0.000447
26623 1e-06
0 2e-06
169399 2.3e-05
108889 2e-05
34654 3e-06
0 0
3546 7e-06
12353 1e-06
35682 9e-06
66291 8e-06
62056 2e-06
24438 7.2e-05
54423 8e-06
5380 1.4e-05
97702 0.000117
48602 7e-06
9153 3e-06
2948 1.3e-05
25037 7e-06
88074 9e-06
31047 0.000639
93758 0.000191
0 2e-06
0 6e-06
22485 2.5e-05
44742 5.4e-05
3993 1.1e-05
14187 2e-06
28282 2e-06
0 2e-06
10803 1e-06
13594 1.7e-05
0 8e-06
83236 1e-06
5576 2e-06
0 0
49488 0.000104
83778 5e-06
43818 0.00018
4549 7e-06
29104 4.3e-05
26974 9e-06
76418 1e-05
131532 7.2e-05
71469 1.8e-05
60567 2.9e-05
22269 2.9e-05
17992 2.2e-05
25925 0.000132
17097 2.9e-05
0 0
3016 2.2e-05
32641 3e-06
107289 3e-05
64416 4e-06
4281 1.4e-05
55041 5e-06
3786 1.2e-05
55667 2.2e-05
0 3e-06
29540 5e-06
6157 1e-05
11981 7e-06
47532 3.6e-05
168558 1.6e-05
97737 2.6e-05
11386 7e-06
13319 2.8e-05
103432 6e-06
0 4e-06
10910 7e-06
0 4e-06
15288 2e-06
47940 3.8e-05
151447 0.000687
137756 5.3e-05
5306 2e-06
4652 5e-06
23111 8e-06
0 1e-06
4888 7e-06
0 7e-06
0 0
13921 4e-06
106098 9e-06
156785 8.9e-05
72477 8.5e-05
6250 3e-06
101550 1.6e-05
50908 1e-06
7862 3e-06
24859 7.9e-05
72960 1.7e-05
25268 4e-06
28060 2e-06
42498 4e-06
107521 2e-06
0 2e-06
19878 1e-06
24986 2.8e-05
53781 4e-05
28764 2.1e-05
0 0
14371 3.1e-05
41756 1.7e-05
0 2e-06
55294 5e-06
92853 9e-06
124040 1e-05
0 1e-06
89272 2e-06
75417 1e-06
45770 2e-06
66976 6.3e-05
89878 3.4e-05
13105 9e-06
21024 1e-06
1692 7e-06
13646 1e-06
13183 6.7e-05
13987 5e-06
10614 3e-05
103720 6e-06
3667 8e-06
70218 6e-06
18056 1.5e-05
38900 6.6e-05
117463 0.000225
1246 7.7e-05
96144 2.9e-05
16339 0.000112
126583 9.9e-05
53312 1e-06
1666 7e-06
83779 3e-06
133710 3.3e-05
90458 4e-06
52227 5.3e-05
74214 1.8e-05
44636 3.1e-05
0 0
115990 6e-06
59104 0.000318
118836 2e-06
74357 1.9e-05
46232 5.4e-05
53759 0.000108
26603 9.8e-05
185644 4.6e-05
21492 8e-06
6208 1e-06
52750 7e-06
59032 0.000139
736 6e-06
94640 1.5e-05
4625 1.3e-05
20594 8e-06
22332 4e-06
1793 2e-06
131196 5.7e-05
0 1e-06
13480 5e-06
3311 8e-06
0 1e-06
86703 0.000413
87552 2.3e-05
80331 1.1e-05
101180 3e-05
19603 6e-06
0 6e-06
0 1e-06
40400 1e-06
82084 5.1e-05
2424 2e-06
0 0
18827 3e-06
0 1e-06
21643 1e-06
30905 1e-06
100398 3e-06
11232 4e-06
131886 5.2e-05
92926 0.000116
44320 3.2e-05
65658 8e-06
106625 9e-06
2212 3e-06
10878 1.1e-05
195420 0.000141
8112 1e-06
4358 3e-06
53469 1e-06
3034 2e-06
38113 5e-05
48227 1.7e-05
100351 3e-06
3996 2e-06
142006 4.3e-05
18443 4e-06
11432 2.4e-05
15891 7e-06
31810 2e-06
27684 8e-06
5514 1.7e-05
168163 2e-06
55345 5e-06
138872 4.4e-05
118028 3.5e-05
392 3e-06
23661 3e-05
70075 6.1e-05
3876 3e-06
22760 3e-06
117873 1.8e-05
71037 2.1e-05
20396 3.3e-05
21164 5e-06
0 0
104122 6e-06
10866 1.2e-05
9068 2e-06
64962 8e-06
19122 4e-06
58301 0.000216
86763 3e-06
77720 3.3e-05
133584 0.000166
125354 4.5e-05
50546 0.000152
0 0
20587 1.1e-05
143813 7.3e-05
26475 1e-06
23144 1.3e-05
49593 1.3e-05
1917 2e-06
44139 4.2e-05
97123 8.7e-05
0 1e-06
916 9e-06
1613 2e-06
57615 6e-06
3763 2.8e-05
15523 2e-06
116436 3e-06
98080 4e-06
0 7e-06
27129 1e-06
11493 6.2e-05
71773 3.5e-05
6789 2e-06
75469 4.9e-05
28303 6e-06
147052 7e-06
5756 1.1e-05
3860 2.2e-05
1834 4e-06
3783 4e-06
20585 1.6e-05
28476 2.3e-05
0 5e-06
0 1e-06
138812 1.3e-05
7184 3e-06
5842 4e-06
42972 1.9e-05
0 0
42947 2e-06
7731 8e-06
40418 5e-06
97786 2.4e-05
144023 0.000291
57545 1.8e-05
99491 8e-06
25419 1.5e-05
3952 9e-06
58661 4e-06
91515 2e-06
21326 1e-05
13346 1.3e-05
0 2e-06
66724 4e-06
61282 0.001066
141452 0.000183
41745 1.7e-05
146883 2.8e-05
73398 2.1e-05
13975 1.1e-05
21488 8e-06
53676 6e-06
34368 5e-06
35774 2.1e-05
34434 1.2e-05
5748 1.2e-05
47530 2.7e-05
1474 1e-06
20086 1.6e-05
45151 1.9e-05
8424 1.2e-05
50190 1.6e-05
3215 1e-06
0 1e-06
119039 7e-05
160 7e-06
81799 5.2e-05
82970 6.1e-05
11213 4e-06
74973 4e-05
31458 0.000149
38685 1.2e-05
51774 2e-06
83059 0.000108
60937 0.00013
0 0
620 5.8e-05
19914 2.5e-05
49359 9.6e-05
72331 4.5e-05
23128 2.7e-05
118450 8e-06
42148 1e-05
132904 4.4e-05
57624 2.7e-05
44604 5.1e-05
0 2e-06
10064 2e-06
917 2e-06
70838 1.5e-05
15774 3e-06
0 1e-06
0 3e-06
59154 5e-06
95121 6.2e-05
9820 0.000309
15499 6.3e-05
156331 7e-06
86654 7.2e-05
4379 8e-06
10293 1.5e-05
581 3e-06
40057 6e-06
14970 1.2e-05
20664 4e-06
118038 4.4e-05
34615 5.9e-05
2002 1e-06
65347 8e-06
75828 0.000293
0 2e-06
0 2e-06
147406 0.000164
142800 3.3e-05
17475 8e-06
0 2e-06
0 8e-06
314 3e-06
30645 1e-05
19128 2e-06
1895 7e-06
107161 1.2e-05
132622 0.00011
95386 5.2e-05
12300 1.3e-05
4566 6e-06
3671 1.3e-05
88139 2e-06
78302 4e-06
29520 2.4e-05
28632 2.8e-05
33072 1e-05
23550 5e-06
56159 4e-06
56400 3.3e-05
17984 1e-06
19834 6e-06
34108 2e-06
0 6e-06
0 1e-06
6412 2e-06
7004 2e-06
24012 7e-06
7929 2e-06
21518 3.6e-05
39332 2.1e-05
26841 0.000182
0 1e-06
34080 8e-06
8362 9e-06
0 6e-06
967 5e-06
12696 3e-06
7818 8e-06
43936 2e-06
35214 1.4e-05
20036 6e-06
70020 3e-06
22428 1.3e-05
11945 3.6e-05
58065 4.9e-05
85330 1e-05
45515 1.7e-05
20021 4e-06
14042 3.9e-05
12846 3e-06
54736 3.6e-05
5776 5e-06
47924 2e-05
65452 3e-06
0 2e-06
57046 0.0001
0 0
28856 1.5e-05
20086 3e-06
90417 1.7e-05
62432 2e-05
98422 3.1e-05
0 9e-06
19105 1.3e-05
121984 6e-06
0 0
115992 9e-06
32073 3e-06
55948 0.000159
50691 9e-06
124156 1.6e-05
0 1e-06
32973 0.000158
113009 6e-06
200534 3e-06
106054 0.000142
21010 3e-06
59839 0.002819
0 2e-06
158016 7.3e-05
39288 0.000234
93616 7e-06
76991 2.1e-05
108520 3.5e-05
10802 4e-06
42775 1.7e-05
23547 0.000409
42507 8e-06
0 4e-06
0 1e-06
108334 3.1e-05
101964 1.5e-05
16359 1.6e-05
0 0
81001 3e-06
28296 1.5e-05
18829 3e-06
0 2e-06
57930 1e-06
928 9e-06
57797 0.000146
19495 8e-06
129 3e-06
1836 1.3e-05
0 3e-06
59239 2.7e-05
65226 3.2e-05
31265 2e-06
42962 5.2e-05
49084 4e-06
33916 1.8e-05
89922 1e-06
0 0
993 1.3e-05
34186 3e-06
42893 0.000102
1548 1e-06
0 2e-06
0 1e-06
1212 3e-06
103904 2.1e-05
36996 8e-06
9719 3e-06
56010 7.4e-05
99503 3e-06
136701 4.8e-05
0 1e-06
131178 8e-06
36809 3.6e-05
16314 6e-06
14184 6e-06
52272 1.3e-05
93180 1.9e-05
83641 2e-06
0 0
75295 1.9e-05
0 4e-06
420 4e-06
44539 2e-06
74786 4e-06
29629 5e-06
60537 8.5e-05
0 1e-06
94788 1.4e-05
8372 1e-05
0 2e-06
104849 5.2e-05
0 2e-06
19066 1e-06
118979 1e-06
29310 3e-06
0 0
0 1e-06
95334 0.000126
104891 5e-06
121941 0.000239
1990 1e-06
0 0
62 1e-05
44290 1e-06
40618 6.6e-05
114162 2.9e-05
11637 1.5e-05
0 4e-06
90054 1e-06
31126 2.2e-05
174980 3e-06
53541 2e-06
29672 5e-06
44470 2e-06
46023 9e-06
56373 6.6e-05
75681 5e-06
33501 9e-06
0 4e-06
113678 2.1e-05
78503 6e-06
0 1e-06
16934 1e-05
0 1e-06
74217 3e-06
12584 7e-06
8300 1.1e-05
22681 6e-05
5653 7e-06
10825 1.6e-05
113388 0.000159
23187 1.2e-05
110636 0.0001
42242 7e-06
69550 4e-06
52938 1.7e-05
14438 2e-06
5749 1e-06
84088 4.9e-05
0 1e-06
26346 5e-06
149245 1.1e-05
57602 8e-06
17224 1e-06
65210 0.000175
0 1e-06
135391 0.00012
13000 7e-06
18247 1.6e-05
37035 2.9e-05
52059 2e-06
5284 4e-06
106822 4e-06
4908 4e-06
88378 5.5e-05
81654 4e-06
64646 9e-06
18838 2.9e-05
104886 5.3e-05
10567 6e-06
7358 1.8e-05
20319 1e-06
100096 5.1e-05
64440 0.000297
2062 5e-06
0 5e-06
0 3e-06
21623 1e-05
79677 6e-06
195091 0.000108
12430 9e-06
0 2e-06
4018 2e-06
82925 4e-06
0 0
119027 0.000141
143328 8.6e-05
0 1e-06
71989 4.3e-05
42048 3e-05
16744 4e-06
0 1e-06
11528 5e-06
25691 3.2e-05
0 4e-06
22673 0.000166
26584 4.1e-05
126951 4.6e-05
0 0
3861 1e-06
0 1e-06
96047 8e-05
3113 1.7e-05
6136 1e-06
19636 3.4e-05
10868 3.3e-05
3390 5e-06
8219 9e-06
33687 3.6e-05
44117 8e-06
30864 2e-06
20524 1e-06
113952 6e-06
105805 6e-06
18862 1.7e-05
21055 9.1e-05
83577 6e-06
2284 8e-06
26795 1e-05
2016 9e-06
72791 6.1e-05
256 9e-06
6967 2e-06
106957 8e-06
81472 5e-06
29026 0.000105
0 1e-06
34964 1e-06
0 0
26519 2e-06
45524 6e-06
47520 2.9e-05
76059 1e-06
27539 3.8e-05
0 1e-06
0 2e-06
46288 4e-06
10328 1e-06
30952 2e-06
0 1e-06
152458 5.4e-05
85098 1.8e-05
0 0
1597 3e-06
0 1e-06
19277 1e-06
8740 1.2e-05
12535 1e-05
11329 2.2e-05
6273 1.2e-05
52456 4e-05
0 0
111148 7.8e-05
56564 1.3e-05
0 1e-06
0 0
0 4e-06
0 2e-06
0 0
0 2e-06
5328 8e-06
1774 1e-06
0 3e-06
129450 2e-06
31818 2.2e-05
0 3e-06
22173 1.2e-05
52718 1.9e-05
98252 6.9e-05
31371 0.000257
72661 1.8e-05
1710 1.1e-05
0 0
30431 5e-06
79732 1e-06
138698 3e-05
74885 1.7e-05
57608 4.4e-05
3870 1.7e-05
35296 4.8e-05
9347 8e-06
0 1e-06
0 4e-06
410 2e-06
3943 1.1e-05
0 0
0 0
8977 1.6e-05
1674 4e-06
0 9e-06
53743 7e-06
0 0
0 7e-06
76892 0.000125
20302 2.3e-05
21267 3.7e-05
67775 0.000177
0 0
20188 8e-06
0 1e-06
13940 3.1e-05
134117 0.000672
57384 2e-06
27934 7e-06
84011 9.7e-05
149565 6e-06
21649 1e-05
63608 9.7e-05
60606 1.7e-05
134499 9.1e-05
76626 3.2e-05
27114 0.000145
2751 2e-06
35073 2e-05
117075 2.7e-05
77923 0.000148
179200 9.2e-05
32598 1.6e-05
32703 2e-06
15860 2e-06
6779 1e-06
12285 1.5e-05
50898 5e-06
22686 1e-06
78177 0.00095
36684 4e-06
121820 4e-06
24484 1e-06
71710 1.2e-05
2511 3e-06
44127 3e-06
11074 1.3e-05
5514 2e-06
0 3e-06
62439 6.6e-05
9709 2e-06
0 0
10752 8.1e-05
4004 1e-05
57362 0.000132
9668 1.1e-05
45599 5.4e-05
66018 2.7e-05
12637 1.2e-05
0 1e-06
0 1e-06
97196 3.3e-05
0 3e-06
16589 3.5e-05
66756 1.9e-05
24238 8e-06
25398 3e-06
43356 2e-06
57309 5.5e-05
0 2e-06
0 2e-06
141313 9e-05
56244 4e-06
39506 5e-06
78670 6.1e-05
1028 3e-06
122163 6e-05
63326 3e-06
0 0
0 1e-06
109412 0.000125
56045 5e-06
0 3e-06
27090 3.1e-05
0 3e-06
1644 5e-06
46821 5e-06
0 2e-06
23879 1e-06
30631 1.1e-05
44490 3.7e-05
2070 5e-06
0 1e-06
27132 9e-05
34510 1e-06
0 1e-06
14060 5e-05
50495 1.7e-05
134964 0.000114
48002 1e-06
2600 1.5e-05
7359 9e-06
41065 2.1e-05
17996 1.3e-05
15574 1e-06
5432 1e-06
69988 1.4e-05
0 0
19973 2e-06
123676 0.000189
81056 3.2e-05
27024 1e-06
0 1e-06
0 0
50435 4e-06
16539 6e-06
63704 1.6e-05
64815 6e-06
31163 5.6e-05
3786 5e-06
34420 2e-06
0 1e-06
13374 1e-06
0 1e-06
23282 3e-06
0 3e-06
8607 2e-06
52809 2e-05
0 2e-06
22856 7e-06
115529 3.5e-05
17788 2e-06
31757 1.8e-05
138509 4.8e-05
45252 0.000469
20822 2.3e-05
1878 5e-06
27799 0.000205
55560 7e-06
19183 6e-06
104231 0.000222
29854 1.5e-05
10551 4e-06
31246 7.6e-05
18628 1.4e-05
95430 2e-06
6702 1.9e-05
35208 5.9e-05
186874 6.2e-05
29940 0.00013
0 4e-06
191490 2.2e-05
31708 2.6e-05
24895 2.4e-05
41010 9e-06
33182 1e-06
126012 4e-05
44881 1e-06
104216 2.5e-05
5952 0
17459 2.6e-05
115382 1.1e-05
2397 1.5e-05
75126 3e-06
76828 0.000102
86347 1.4e-05
82318 0.000172
6230 6e-06
3854 8e-06
33145 2e-05
42500 2.7e-05
9170 1.7e-05
116983 7.7e-05
9825 7e-06
26196 7e-06
10228 9e-06
27083 0.00011
134292 6.8e-05
5200 3e-06
63731 5.2e-05
4939 2e-06
64655 1.4e-05
0 0
98665 3.1e-05
56591 1.2e-05
90474 4.2e-05
0 1e-06
20444 2e-06
30028 1e-05
26580 2.4e-05
8204 2e-06
0 0
42114 1e-06
22005 3e-06
75952 4.3e-05
104568 2.3e-05
13142 1e-06
93297 8.6e-05
8668 2.3e-05
1350 1e-06
53137 2e-05
62190 1.5e-05
0 1e-06
21296 4e-05
105720 3.1e-05
69772 6.8e-05
0 0
20896 2e-06
20670 0.000185
22336 4.5e-05
23073 3e-06
54386 1.1e-05
0 0
10027 2.4e-05
76719 1.6e-05
18076 1e-06
3195 6e-06
81334 2e-05
21186 2e-06
100822 5.9e-05
19902 7e-06
35939 1.9e-05
0 0
59560 2e-06
0 0
56548 3e-06
67316 1.3e-05
49420 4e-06
122118 2.4e-05
44892 6e-06
41664 4.6e-05
82432 2.6e-05
64627 2.7e-05
51286 8e-06
0 3e-06
130977 5.2e-05
7537 3e-06
204917 6e-06
19746 1e-06
41762 0.000178
51951 4.4e-05
107048 6e-05
3570 6e-06
27924 9e-06
0 1e-06
22805 5e-06
31731 2.1e-05
28618 6e-06
2117 3e-06
10035 2e-06
25390 2.6e-05
34189 4e-06
76849 4.4e-05
3019 1.1e-05
12181 2e-06
59509 0.000234
142921 4.1e-05
74503 4e-06
62468 3e-05
12388 8e-06
0 1e-06
29763 1.2e-05
42508 1e-06
34875 3.6e-05
11933 1e-06
119539 0.000178
3538 1e-06
128783 1.2e-05
0 1e-06
85056 1e-06
29140 2.5e-05
0 6e-06
0 0
59940 2e-06
77118 4.4e-05
22967 5e-06
10756 3e-06
144978 4e-06
1721 1e-06
14903 1e-06
34838 2e-06
0 0
0 1e-06
0 1e-06
0 0
2626 2e-06
42605 3e-06
122553 6e-05
25220 1e-05
0 1e-06
72260 2e-06
25025 1e-05
0 0
26307 2.8e-05
25668 2e-05
0 0
86698 6e-06
40426 1.5e-05
73997 6.6e-05
0 0
52191 0.000118
122198 2.7e-05
91584 1.6e-05
62476 0.000601
57329 1.7e-05
3652 1e-06
11739 5e-06
92623 6.8e-05
34756 2e-06
0 2e-06
18214 6e-06
10597 1e-06
77898 3.5e-05
71061 1.2e-05
68727 4.9e-05
121548 0.000365
0 0
30530 9e-06
424 4e-06
68421 9e-06
19092 3e-06
42647 3e-05
178668 0.000126
0 4e-06
68362 6e-06
19346 2e-06
49452 5e-06
86584 3.2e-05
3672 0
28667 3e-06
54290 9.2e-05
47308 2e-06
0 4e-06
44652 0.000108
45205 3.7e-05
76557 8e-06
27080 1.6e-05
75665 0.000271
129042 1e-06
0 2e-06
34560 8e-06
40388 1.6e-05
42132 1.4e-05
99182 4.9e-05
66606 1e-06
0 1e-06
12302 2e-06
12829 4e-06
24242 0.000275
171073 6e-06
50984 4e-05
12910 4e-06
64922 3e-06
170660 0.000505
37272 2e-06
0 3e-06
0 1e-05
91695 1.1e-05
47674 1e-05
48150 3.5e-05
18889 5e-06
2360 3e-06
215452 6.7e-05
0 0
13672 4.2e-05
0 1e-06
0 1e-06
99308 9.1e-05
7463 3e-06
33265 2e-06
134822 3e-06
0 2e-06
6738 2.1e-05
33082 2e-06
75922 2.4e-05
1122 4e-06
88136 8.1e-05
97864 4e-06
72579 6e-06
44538 7.7e-05
0 0
76866 7e-06
51770 5.5e-05
17833 5e-06
0 0
117080 8e-06
39377 3e-06
41524 6e-06
25828 1.9e-05
139836 2.5e-05
163803 0.000135
95588 6.7e-05
15127 2e-06
46078 4.8e-05
28337 7.3e-05
0 1e-06
12904 7e-06
162619 3.1e-05
210035 0.000606
0 3e-06
0 1e-06
16314 1e-06
20169 1.3e-05
29979 1e-06
0 0
93855 2.5e-05
46867 1.7e-05
61199 9.7e-05
16060 2.5e-05
72474 1e-06
0 0
97200 8e-06
3533 2e-06
59500 0.000106
46536 3.8e-05
60044 4e-06
13022 2e-06
61238 3.5e-05
50514 4.4e-05
0 3e-06
16440 1.1e-05
83394 0.000492
22722 1.1e-05
88323 2.2e-05
0 2e-06
6921 1e-06
0 2e-06
13650 2e-06
22501 1e-05
85568 3e-06
21770 6e-06
55916 5.5e-05
32386 0.00011
8408 3.1e-05
7169 4e-06
0 1e-06
33958 3e-06
9835 1e-06
0 0
9932 5e-06
59645 2.6e-05
27306 8e-06
78408 0.000155
62319 4.3e-05
34495 4.7e-05
43280 1e-06
22671 3e-06
12220 3e-06
16192 4.5e-05
0 0
0 5e-06
54046 0.000124
14144 2.4e-05
110957 2e-06
144808 1e-06
95600 7.3e-05
10793 1.6e-05
57276 0.000188
0 1e-06
0 1e-06
4771 0
67209 8e-06
28210 1.4e-05
0 5e-06
0 1e-06
62790 2e-06
164308 2.5e-05
70255 5e-06
21879 1e-06
0 2e-06
122187 5.3e-05
111968 3.2e-05
5294 5e-06
7987 1.6e-05
1826 1e-06
20738 2.1e-05
36465 1.2e-05
94452 6.1e-05
0 1e-06
0 5e-06
44972 6.8e-05
69429 2e-06
22587 6.8e-05
982 3e-06
0 1e-06
105356 1e-06
20461 5.8e-05
51645 4e-06
3670 1.1e-05
48951 2.1e-05
42923 8.4e-05
0 1e-06
141269 6.9e-05
89015 6e-06
36537 1.4e-05
85205 5e-06
7370 7e-06
36333 6e-06
25826 3.6e-05
12978 7e-06
87784 2.7e-05
56015 1.2e-05
140440 2.5e-05
9095 4e-06
52524 3.9e-05
79288 2e-06
182926 7.8e-05
20188 9e-06
47494 1.8e-05
46330 1e-06
35374 6e-06
1 4e-06
7725 1e-06
20316 1.9e-05
28588 2.4e-05
13718 7.2e-05
93183 3e-06
0 0
32193 1e-06
17106 1.2e-05
67776 1.4e-05
0 0
45663 6e-06
92948 1e-05
98479 9.2e-05
24819 2e-05
24896 7.6e-05
77147 7e-06
40838 1.3e-05
62835 7e-06
50674 8e-06
2320 2e-06
0 2e-06
19089 5e-05
0 1e-06
71214 8e-06
35599 8.8e-05
3224 1.8e-05
31972 0.000167
2812 6e-06
16226 7e-06
65637 0.000108
96686 0.000173
23763 8.5e-05
12455 1e-06
135446 4.4e-05
0 5e-06
17830 2.1e-05
44249 2e-05
0 5e-06
0 2e-06
35482 1.2e-05
0 1e-06
46794 5.9e-05
30301 1e-06
62720 0.000153
0 1e-06
0 2e-06
62171 1e-05
26061 1.9e-05
35326 7.8e-05
5624 7e-06
55316 2.3e-05
38112 2e-06
19982 5e-06
37614 2.8e-05
0 0
0 1e-06
180221 3e-05
30797 2.2e-05
60271 4.5e-05
0 1e-05
0 5e-06
13398 2.2e-05
0 1e-06
8046 1.8e-05
20904 3.9e-05
123534 1e-05
54189 0.000269
67785 2.5e-05
460 4e-06
27000 8e-06
51335 7e-06
49922 2e-06
154955 3.8e-05
656 1e-05
25724 3e-06
13455 6e-06
56854 4e-06
30121 6.9e-05
21951 5.8e-05
79934 2.5e-05
20778 4e-05
18877 1e-06
71620 6e-06
137869 7.3e-05
16941 4e-06
5702 1e-06
7858 1e-06
52588 1.2e-05
138018 2e-06
66234 6e-06
12870 1e-06
24450 1.2e-05
87483 4.3e-05
25756 1e-06
72696 0.000113
9246 1e-06
63577 5.8e-05
48520 1.4e-05
639 1e-06
90280 1e-06
9206 6e-06
8023 1e-06
12063 2.3e-05
13920 5e-06
7949 7e-06
70044 1e-05
177844 8e-06
49452 2e-06
10288 1e-06
19564 5e-06
39450 1e-06
6143 1.4e-05
30545 0.00028
90984 0.000204
26494 2e-06
22911 2e-06
70695 2.1e-05
13403 1.8e-05
696 4e-06
0 0
447 5e-06
20970 2.2e-05
145659 4e-05
44692 2.9e-05
44916 1.7e-05
332 1e-06
129089 0.000107
90960 0.000285
0 1e-06
16776 6e-06
67386 2e-06
8798 6e-06
72032 2.4e-05
4722 8e-06
71965 0.000131
126558 3.8e-05
95876 2.1e-05
0 2e-06
114397 7.3e-05
71322 1.6e-05
409 4e-06
15206 1.4e-05
42426 0.000205
0 2e-06
81604 5e-06
57079 8e-06
54202 5e-06
3858 2e-06
58601 1.4e-05
10226 3e-06
128528 0.000872
57804 3e-06
51386 1e-06
88050 5.7e-05
30924 0.000179
4661 4e-06
16488 7e-06
112765 2.6e-05
53816 3e-06
0 3e-06
12962 1.1e-05
1823 1.9e-05
118874 4.7e-05
11824 3e-06
8622 4e-06
109985 1.1e-05
12519 7e-06
64251 5e-06
0 6e-06
0 5e-06
9888 8e-06
14277 2.7e-05
190979 0.000232
4929 1e-06
0 1e-06
0 0
59052 1e-05
48255 1.3e-05
188573 1.7e-05
26496 1e-06
11961 3e-06
198459 2.7e-05
17034 6e-06
0 0
0 6e-06
3245 1.1e-05
42380 3.9e-05
25572 2e-05
13500 5.9e-05
9386 1.1e-05
38948 2e-06
57964 2.2e-05
14683 2e-05
1017 6e-06
0 1e-06
16695 1.1e-05
2545 1e-06
8025 4e-06
74577 1.3e-05
49387 0.000105
4273 8e-06
39856 2.5e-05
23091 1.8e-05
8415 9e-06
131859 1.3e-05
8279 1.1e-05
159215 5.2e-05
42391 4e-06
93636 1e-05
9154 9e-06
30909 0.000117
60439 8e-06
21606 6e-06
5364 9e-06
123453 1e-06
0 1e-06
26058 3e-06
69517 3.1e-05
82298 1.1e-05
1375 1.1e-05
0 2e-06
138130 0.000111
29784 0.000117
14264 1e-06
27570 9.1e-05
146177 4e-06
183011 3e-06
0 0
10762 2.1e-05
29408 5e-06
154908 3e-06
44148 5e-06
28113 4.1e-05
57489 0.000269
60618 2e-06
30735 1e-05
52658 0.000647
0 1e-06
20655 7e-06
21330 1e-05
9054 7e-06
133125 1.9e-05
29064 2.3e-05
31071 1.3e-05
38477 1e-06
25778 2e-06
61192 5e-06
6758 1.3e-05
0 1e-06
31796 4e-06
113895 4.2e-05
0 2e-06
1058 2e-06
31018 1.5e-05
76438 9e-06
66269 2.2e-05
45483 2.6e-05
612 9e-06
116592 0.000143
0 1e-06
47236 0.000452
8870 1e-05
161730 9.1e-05
4253 1e-06
189678 0.000212
19959 3e-06
60063 6e-06
45108 2e-06
19405 4e-06
0 1e-06
9445 1.1e-05
142448 0.00027
0 3e-06
24895 3.9e-05
86165 1e-05
2724 4e-06
11648 7e-06
0 0
0 1e-06
6061 4e-06
900 5e-06
174180 7e-06
137888 0.00042
26742 3e-06
84917 6.1e-05
9150 6e-06
0 4e-06
25062 1e-06
15099 1e-06
118870 7.5e-05
31048 0.000144
104760 0.000122
0 4e-06
0 0
15956 3e-06
29289 3.2e-05
33144 5e-06
8422 1e-06
11096 1.3e-05
45760 7e-05
26242 1e-06
8028 1.4e-05
55049 8e-06
159308 4.4e-05
31846 1.9e-05
34448 5.6e-05
0 0
0 1e-06
0 0
127265 2e-05
13711 1e-06
67310 4.6e-05
8480 3e-06
17163 2e-06
10777 3e-06
757 9e-06
2903 8e-06
48162 2.1e-05
7114 8e-06
9084 3e-06
47158 1.1e-05
95095 1.4e-05
18386 7e-06
54279 3.1e-05
20004 5.3e-05
30257 1.6e-05
49596 2e-06
24773 4.1e-05
121244 5.4e-05
0 1e-06
5224 5e-06
22832 9e-06
5756 9e-06
16692 1e-06
14590 9e-06
25003 1.6e-05
20706 1.8e-05
8577 1.2e-05
21365 7.3e-05
65507 3.7e-05
22829 6e-06
35400 1.4e-05
74951 7.2e-05
86378 3e-06
122868 3.6e-05
27816 1.4e-05
0 1e-06
19944 5e-06
160729 1.7e-05
26773 1.1e-05
5167 6e-06
21261 1.7e-05
71832 1.4e-05
6665 3e-06
1074 8e-06
92733 0.000188
10479 1e-06
767 1e-06
118087 5.7e-05
33962 4.9e-05
0 0
38206 4e-06
30055 3e-06
6732 6e-06
33022 1e-06
0 1e-06
66204 3e-06
57841 2.8e-05
29708 1.1e-05
0 1e-06
0 1e-06
0 2e-06
81896 2.4e-05
96902 7e-06
90180 7e-06
12458 1e-06
8673 1.3e-05
10834 3.3e-05
15148 6e-06
0 1e-06
64956 4e-06
122469 3e-06
28009 2.3e-05
131496 6.8e-05
21885 1e-06
4731 5e-06
21189 1e-06
15380 3e-06
82780 1e-06
129032 1.1e-05
0 4e-06
1138 9e-06
18447 3e-06
62438 1.8e-05
120694 3.9e-05
66139 8e-06
89850 1.1e-05
70581 1.1e-05
28568 1e-06
0 3e-06
126201 1.4e-05
15686 7.8e-05
82785 3.3e-05
196030 5.4e-05
0 4e-06
163773 1.8e-05
0 4e-06
25126 1e-06
0 1e-06
116211 4.6e-05
17026 6e-06
11004 5e-06
32438 2e-06
46928 7e-06
14898 2.1e-05
0 0
30470 2e-05
65920 6e-05
30541 1.6e-05
26320 6.3e-05
6283 4e-06
0 2e-06
44061 4e-06
0 1e-06
0 1e-06
76930 2.5e-05
83676 5.3e-05
4230 1.1e-05
2782 1.1e-05
0 3e-06
137656 4e-06
32177 1.8e-05
147674 0.000124
11876 1.5e-05
1251 4e-06
3640 2e-06
103875 3.1e-05
0 0
19165 1.3e-05
107033 5e-06
0 1e-06
0 8e-06
99106 5e-06
3447 1.6e-05
11670 1.2e-05
97630 1.3e-05
876 3e-06
32800 2e-06
30612 9e-06
0 1e-06
0 4e-06
71328 1.8e-05
0 1e-06
17791 0.000209
0 2e-06
94285 1.3e-05
18758 3.2e-05
102991 6e-05
19651 0.000109
26698 1e-05
51456 2.2e-05
24315 4e-06
6083 2.3e-05
82577 3.2e-05
0 0
20057 1.1e-05
94774 5.5e-05
113322 9.9e-05
83008 1.8e-05
112038 0.00019
4671 1.3e-05
34552 6e-06
10131 9e-06
121599 0.000105
13922 2.1e-05
74672 7.4e-05
14824 6e-06
203729 0.001134
8996 2e-05
124192 9e-05
4851 6e-06
138101 7e-06
91335 8e-06
84760 4e-05
31952 9e-06
30603 0.000184
255 7e-06
0 0
8536 1e-05
1170 5e-06
12578 2e-06
0 2e-06
58283 1.7e-05
138412 2.3e-05
385 4e-06
0 1e-06
26542 2.8e-05
149120 8e-06
208510 1.7e-05
55529 3e-06
5842 1.1e-05
22815 1.9e-05
78741 9.6e-05
0 6e-06
45833 5e-06
59103 2.1e-05
12022 1.7e-05
31523 2e-06
63714 3e-06
3113 1e-06
2932 6e-06
17762 4.1e-05
68929 0.000101
0 0
11762 4e-05
66726 1e-05
157380 0.00026
66051 5e-06
60768 2.9e-05
56786 3e-05
133272 7e-06
22300 4.5e-05
0 2e-06
115704 1.3e-05
0 0
16000 3e-06
95670 6.5e-05
28829 1.3e-05
111477 6e-06
43000 5e-06
162999 1.4e-05
90911 0.000203
82806 6.2e-05
115541 5e-05
63238 1.5e-05
0 0
1538 1.7e-05
21499 2e-06
37106 8e-06
0 2e-06
79463 0.000228
0 1e-06
120405 5.4e-05
91159 1.4e-05
5273 8e-06
7631 1.7e-05
1907 2e-06
11332 3.5e-05
39594 3.6e-05
23428 0.000229
1294 1e-06
9138 1.3e-05
80499 0.000123
52788 6e-06
25209 1.5e-05
41613 8e-06
23500 5e-06
11254 5.4e-05
4909 8e-06
117005 7e-06
68192 5e-06
67044 2.6e-05
8661 8e-06
18770 5.9e-05
60428 1.2e-05
68804 1.8e-05
59462 0.000136
25493 2.5e-05
139548 5.5e-05
0 0
18196 1.8e-05
7673 3e-06
40320 8.6e-05
29861 0.000223
67032 4e-06
17632 3.3e-05
0 0
0 5e-06
202748 7.8e-05
14066 3e-06
31659 3.7e-05
42024 1e-06
290 2e-06
46071 2.1e-05
60801 0.000104
64830 2e-05
0 1e-06
113931 2.6e-05
0 2e-06
21651 5.2e-05
49990 1e-06
68384 7e-06
135820 1.3e-05
55828 4e-05
10436 3.3e-05
8736 8e-06
16020 2e-06
1208 5e-06
0 0
8655 8e-06
28786 6e-06
14986 1.2e-05
67375 1e-06
113485 2.9e-05
114687 3.3e-05
4949 9e-06
1160 7e-06
0 8e-06
22067 3e-06
75574 2e-06
124998 4e-06
0 0
59866 6.2e-05
13195 6e-06
5252 1.8e-05
68274 7e-06
24822 1.1e-05
22669 9.1e-05
2813 2e-06
54948 8e-06
294 1e-06
70927 1.5e-05
9152 2e-06
17153 5e-06
9240 1e-05
0 0
0 5e-06
76621 5e-05
0 2e-06
22852 1.6e-05
67372 1.4e-05
66459 7e-05
553 2e-06
35160 2e-06
27905 0.00011
0 0
78563 3.9e-05
144084 2e-06
0 0
54740 2e-06
44975 2.2e-05
119670 6.3e-05
11614 1.1e-05
69003 1.8e-05
104967 5e-06
0 2e-06
39546 2.7e-05
52189 8.2e-05
83030 7e-06
73340 8e-06
115616 3.2e-05
76040 1e-05
0 1e-06
161748 8.3e-05
83201 2.5e-05
0 2e-06
0 1e-06
40835 5.5e-05
11609 7e-06
42440 7e-06
168796 0.000156
11135 4e-06
97330 5e-06
106981 2e-06
86597 0.000159
3450 2e-06
0 0
148835 4e-06
7104 8e-06
153430 4e-05
33992 2e-06
0 1e-06
0 0
24320 2e-06
9447 2.4e-05
47733 2e-06
972 6e-06
0 3e-06
0 6e-06
46325 2e-06
33499 1e-06
0 4e-06
540 1.5e-05
46644 2.1e-05
105459 3e-06
64139 0.000177
1844 6e-06
21771 1.5e-05
28946 0.000305
19735 2.6e-05
98770 0.0001
968 3e-06
0 3e-06
94287 1e-05
75409 8.1e-05
5403 8e-06
0 9e-06
5131 7e-06
32403 0.000125
0 0
102574 9e-06
6717 1.7e-05
59280 9.2e-05
43462 7e-06
109921 8e-06
33534 2.8e-05
93567 9e-06
45920 3e-06
14623 4e-06
0 0
24416 3e-06
71223 2e-06
67992 3.1e-05
37739 0.000158
82882 2e-06
31600 2e-06
18593 2.4e-05
624 3e-06
0 0
122904 2.8e-05
220038 6e-06
0 2e-06
24188 2.3e-05
0 0
3120 4e-06
36018 2e-06
4111 7e-06
125885 0.000125
76127 0.000255
76525 8.2e-05
36466 9.6e-05
9222 0
123448 1.9e-05
0 2e-06
18509 4.2e-05
19773 1e-06
188 9e-06
84342 1.4e-05
0 3e-06
122247 3e-06
0 1e-06
0 1e-06
3523 1e-06
45952 2.1e-05
129835 3.9e-05
16625 4e-06
95656 5e-06
0 4e-06
78861 3e-06
45066 1.5e-05
5356 2e-06
0 4e-06
0 3e-06
0 3e-06
74018 0.000246
89 2e-06
19748 1e-06
36435 1e-06
10253 7e-06
2181 1.8e-05
48360 8.2e-05
0 1e-06
6891 7.5e-05
174501 5.9e-05
72160 1.5e-05
2370 7e-06
42780 5.8e-05
94159 8.1e-05
19179 4e-06
86449 0.000245
74589 1.1e-05
17847 1.6e-05
61593 1.3e-05
2994 1e-06
44544 1.3e-05
67333 0.000103
29908 6.7e-05
11621 3e-05
0 0
0 2e-06
4382 2e-06
93119 0.00048
0 2e-06
27997 2.6e-05
33871 5.9e-05
0 6e-06
56149 2.4e-05
53117 0.001614
12536 1.4e-05
40064 2.5e-05
0 9e-06
0 2e-06
81635 8e-05
71560 2.9e-05
25600 5e-06
31988 1e-05
17426 2.3e-05
78463 7.9e-05
43377 1.9e-05
11033 4e-06
104532 2.2e-05
38427 7e-06
42167 1e-06
14423 1.9e-05
0 2e-06
83709 6e-06
62178 0.000108
11330 1.5e-05
76448 5e-06
0 1.7e-05
22780 3e-06
23281 1.2e-05
9332 2e-06
19873 6e-06
78810 8.7e-05
97369 1.7e-05
18674 2e-06
3890 1e-06
6744 4e-06
7233 1e-06
32553 1e-05
53744 7.3e-05
73386 0.000106
22899 1.2e-05
92827 0.000115
32334 1.3e-05
189961 9.1e-05
180638 1e-05
36672 2.4e-05
57912 5e-06
56004 3.5e-05
32103 0.000198
160410 0.000238
2599 9e-06
4261 7e-06
168863 3.3e-05
528 9e-06
27373 9e-05
39172 2e-06
86839 8e-06
108924 3e-06
16715 1.2e-05
84859 0.000213
0 1.1e-05
53177 5.6e-05
96272 1.1e-05
24458 1.9e-05
59670 7.4e-05
83817 1e-05
22406 1.7e-05
67361 3e-06
0 2e-06
83325 1.6e-05
147181 1.9e-05
1427 6e-06
79560 5.7e-05
92318 0.000124
79480 5.2e-05
75314 1.2e-05
1534 1.2e-05
53298 6e-06
0 2e-06
0 0
94014 1.3e-05
79610 1e-06
0 4e-06
82526 2.8e-05
18702 8e-06
0 3e-06
0 3e-06
241 3e-06
1728 1.5e-05
14422 2e-06
29036 3.6e-05
25864 5.3e-05
24930 3.2e-05
23325 1e-05
36444 1e-06
52857 5.8e-05
0 8e-06
30539 0.000111
27731 0.000138
103431 3e-06
11020 2e-06
45152 0.000347
103703 2.7e-05
8949 4.4e-05
103971 2.6e-05
41239 3.3e-05
0 4e-06
153487 2e-06
30896 2e-05
11260 2e-06
27180 5e-06
8100 1.9e-05
0 0
29976 0.000125
81725 0.000487
0 1e-06
24904 2.6e-05
69747 2e-05
105926 5e-05
0 2e-06
0 3e-06
20408 2e-06
17804 5e-06
23320 1.6e-05
18407 6e-06
32289 2e-06
0 2e-06
108659 3.6e-05
103457 6e-06
24892 2.4e-05
48532 2.3e-05
9450 5e-06
91408 1e-05
16968 2e-05
17272 3e-06
32154 9e-06
20460 3.2e-05
105111 3e-06
134056 1.2e-05
10487 2e-06
41972 5e-05
54761 1.9e-05
0 1e-06
88906 2.1e-05
8924 8e-06
1399 4e-06
51232 2.1e-05
30433 1.2e-05
126693 1.2e-05
2649 1e-06
90960 8.5e-05
86695 2.9e-05
35212 1.1e-05
47709 1.3e-05
0 1e-06
47132 3e-06
2147 8e-06
59663 9e-06
182277 5e-05
0 3e-06
32108 2e-06
0 0
114091 0.000119
30937 4.9e-05
26246 2.4e-05
7149 1.8e-05
159010 0.000476
72112 2.5e-05
16441 1.2e-05
0 0
26978 2e-05
313 2e-06
1036 8e-06
32318 1.3e-05
29841 1.3e-05
72403 5.3e-05
144462 9e-06
26700 5e-06
0 2e-06
0 3e-06
8929 1e-06
5554 2e-06
24263 2e-05
26167 3e-06
0 1e-06
56089 0.000142
78959 7e-05
35161 1.6e-05
16913 1.6e-05
15761 2e-06
46988 1.7e-05
109476 4.8e-05
45266 0.000109
29572 1.9e-05
109498 8.7e-05
72403 5e-06
36587 1e-06
40447 1.7e-05
8341 4.2e-05
0 6e-06
47262 2e-06
97809 0.000186
42155 4.2e-05
29726 2e-06
10204 1.7e-05
16526 3.5e-05
49827 3e-06
21032 9e-06
153617 3.6e-05
40540 1.8e-05
43410 2e-06
11856 5e-06
18697 1.1e-05
82212 1.8e-05
44261 1.7e-05
59762 0.000746
1296 5e-06
4334 1e-06
0 1e-06
87741 9.6e-05
20613 2e-05
34084 4e-06
8268 1e-05
64180 2e-05
23501 6e-06
90969 4.5e-05
248 5e-06
14949 1.1e-05
76248 4e-06
96629 5e-06
145937 7.7e-05
24881 2.6e-05
46432 1.3e-05
0 0
69408 7.7e-05
21333 0.000113
0 5e-06
16326 5e-06
51304 1e-06
6867 2e-06
17007 3e-06
9753 5e-06
0 4e-06
69714 1.5e-05
21186 2e-06
50850 4e-06
127261 8.5e-05
50266 1.6e-05
151655 3.8e-05
63461 3.5e-05
19739 8e-06
0 4e-06
7034 2e-06
13749 1.5e-05
0 0
44766 1e-06
2906 2e-06
67499 1e-05
17481 1e-05
78594 6e-06
78877 6.3e-05
89060 2e-06
564 3e-06
15811 3.1e-05
0 1e-06
119289 1.6e-05
144856 1.2e-05
142315 1.8e-05
68916 1e-05
0 5e-06
27908 9e-05
41028 2e-06
179102 8e-06
93628 3e-06
27507 0.000143
20526 3.7e-05
26084 0.000327
76770 0.0001
52500 9.8e-05
23162 3e-06
0 4e-06
3663 5e-06
25372 3.2e-05
12751 2e-06
3060 2e-06
14853 0.000746
76543 9e-05
18800 2e-06
49195 6e-06
15361 2.8e-05
49307 2e-06
17788 1e-06
36381 1.4e-05
11483 6e-06
31867 2.7e-05
81217 7e-06
100352 2.1e-05
28773 2.9e-05
12411 1e-06
8111 6e-06
33391 9e-06
11883 4e-06
61944 0.000571
16228 1.5e-05
198296 0.000434
4330 1.2e-05
79679 9.9e-05
120612 2e-05
87789 8e-06
107099 1e-05
19519 2e-06
0 1e-06
11673 2e-06
54032 4.1e-05
62420 0.000272
132335 0.000386
27034 1.4e-05
76058 6e-06
29441 3e-06
114531 0.000306
108977 5.5e-05
59966 9.7e-05
58476 9.4e-05
37911 2.4e-05
21060 1e-06
214 4e-06
0 1e-06
26478 3e-06
22134 6e-06
98873 0.000104
60324 5.4e-05
22024 5e-06
37212 2.9e-05
41254 2e-05
8129 5e-06
76676 6.2e-05
20330 4e-06
38442 1e-06
76666 2.6e-05
82440 1.7e-05
138282 1.3e-05
79394 1e-06
92556 4e-06
153872 6.8e-05
42138 9e-06
0 4e-06
29220 4.9e-05
96803 5.1e-05
125195 7e-06
8356 6e-06
36169 0.000231
2931 1e-06
161215 3.3e-05
0 1e-06
45558 8e-06
0 4e-06
35262 4e-06
24237 1e-06
54953 3e-06
58402 1.1e-05
20191 5e-06
905 1e-05
113887 2e-05
187188 1e-05
111933 9.7e-05
5781 2.4e-05
6664 5e-06
0 1e-05
199060 6e-06
64344 1.2e-05
77795 3.5e-05
0 1e-06
11414 2e-06
51605 7.8e-05
79772 3.1e-05
22355 2.6e-05
107091 4e-06
3832 4e-06
91202 2e-06
6550 1e-06
16176 1e-06
71263 2e-06
26494 1.2e-05
56786 1.1e-05
20152 3.5e-05
4544 1e-06
23818 0
38990 5e-06
123071 0.000143
99205 2.6e-05
38864 1e-06
38360 1e-06
35739 1.2e-05
129955 2.6e-05
0 8e-06
34327 1e-05
10616 1e-06
0 6e-06
4142 2e-06
31766 2e-06
48542 3e-06
29767 0.000183
21594 6e-06
4392 3e-06
18060 2.5e-05
19809 9e-06
5378 4e-06
0 3e-06
0 1e-06
4066 7e-06
95875 2.2e-05
9150 0
124765 0.000112
0 1e-06
50030 2e-06
166843 0.000366
12239 2e-06
56694 7.1e-05
73263 8e-06
73028 7.5e-05
18554 1.3e-05
26169 1.4e-05
0 3e-06
27398 1e-06
80569 2e-06
44665 3e-05
6284 1.5e-05
58303 7.3e-05
27649 2.1e-05
87359 9.2e-05
118763 2e-05
65130 6e-06
64372 0.000146
20776 0.000679
4753 3e-06
116031 8.1e-05
46420 3.2e-05
801 1.1e-05
160 3e-06
31847 2e-06
30617 3.3e-05
39441 8e-06
33475 1.7e-05
7495 2e-06
0 4e-06
140514 0.000164
16745 8e-06
15951 1.3e-05
